1.000000	0.897366	0.999829	0.946661	0.884947	0.999805	0.999829	0.967962	0.965632	0.999829	0.922860	0.970422	0.940899	0.999843	0.914365	0.999748	0.939988	0.999596	0.970422	0.883119	0.999778	0.886989	0.940877	0.883193	0.892166	0.913930	0.948527	0.922565	0.999775	0.897366	0.999829	0.875512	0.873847	0.914365	0.873669	0.922893	0.922565	0.999778	0.869968	0.999968	0.914483	0.914365	0.999829	0.887606	0.887606	0.911357	0.873847	0.948350	0.999796	0.960801	0.946457	0.999608	0.999775	0.890391	0.952232	0.999778	0.872768	0.999829	0.914365	0.967962	0.873490	0.948350	0.887606	0.946251	0.922860	0.893335	0.999793	0.940877	0.922860	0.946512	0.914365	0.999778	0.944270	0.999982	0.952232	0.999775	0.737498	0.890391	0.914365	0.922762	0.965632	0.948261	0.882745	0.999775	0.886013	0.911357	0.872220	0.872495	0.944270	0.948527	0.926559	0.968338	0.999988	0.914365	0.922762	0.913771	0.910936	0.882745	0.913771	0.898639	0.883044	0.922860	0.911273	0.914365	0.999781	0.926559	0.884947	0.927834	0.922762	0.999829	0.999775	0.922860	0.999982	0.912024	0.940834	0.914483	0.999808	0.999843	0.869872	0.922893	0.946251	0.892166	0.999829	0.999808	0.913771	0.883044	0.968338	0.948385	0.999778	0.999909	0.898639	0.886013	0.912024	0.999796	0.873310	0.917486	0.905369	0.999823	0.999778	0.887810	0.940899	0.908234	0.922565	0.913930	0.999808	0.887674	0.999829	0.940899	0.999929	0.880758	0.999778	0.999748	0.999829	0.948385	0.869776	0.969421	0.869390	0.999968	0.948261	0.999775	0.946661	0.939988	0.922860	0.880758	0.869390	0.999757	0.999808	0.873669	0.887674	0.940834	0.999775	1.000000	0.913771	0.940899	0.960801	0.888551	0.999808	0.922565	0.922762	0.999778	0.999829	0.872220	0.999778	0.999841	0.999929	0.873490	0.883119	0.737498	0.922893	0.869872	0.869583	0.887606	0.951958	0.999778	0.999793	0.873936	0.999829	0.999909	0.999775	0.999829	0.873310	0.999988	0.999805	0.999841	0.869776	0.999757	0.911273	0.946512	0.873936	0.922893	0.883044	0.946457	0.914365	0.969421	0.999796	0.872495	0.933007	0.922860	0.922860	0.910936	0.908234	0.999778	0.914365	0.999829	0.917486	0.887810	0.999796	0.933007	0.872768
0.897366	1.000000	0.898966	0.897534	0.919537	0.898966	0.898966	0.900988	0.879495	0.898966	0.888081	0.900569	0.873580	0.898585	0.875770	0.898310	0.890520	0.898858	0.900569	0.926318	0.898803	0.922532	0.873580	0.926348	0.886642	0.868609	0.902019	0.887469	0.898966	1.000000	0.898966	0.927629	0.904698	0.871480	0.904602	0.888081	0.887469	0.898803	0.901040	0.897366	0.875942	0.875770	0.898966	0.921432	0.921432	0.867915	0.904698	0.902678	0.898420	0.907919	0.903969	0.898749	0.899021	0.924434	0.902929	0.898803	0.903969	0.898966	0.871480	0.900988	0.904456	0.902678	0.921432	0.899560	0.888081	0.929693	0.898966	0.873580	0.888081	0.904116	0.871480	0.898803	0.890067	0.897366	0.902929	0.898966	0.733318	0.924434	0.875770	0.893457	0.879495	0.902425	0.926045	0.898966	0.934132	0.867915	0.888216	0.903625	0.890067	0.902019	0.850792	0.900831	0.897366	0.871480	0.893457	0.875166	0.867415	0.926045	0.875166	0.889282	0.926015	0.888081	0.868015	0.875770	0.898803	0.850792	0.919537	0.901763	0.893457	0.898966	0.898966	0.888081	0.897366	0.870255	0.873130	0.875942	0.898966	0.898585	0.900726	0.888081	0.899560	0.886642	0.898966	0.898966	0.875166	0.926015	0.900831	0.901403	0.898803	0.897812	0.889282	0.934132	0.870255	0.898420	0.904311	0.879175	0.893457	0.898966	0.898803	0.920786	0.873580	0.860207	0.887469	0.868609	0.898966	0.921093	0.898966	0.873580	0.897812	0.919677	0.898803	0.898310	0.898966	0.901403	0.900621	0.898034	0.900253	0.897366	0.902425	0.898966	0.897534	0.890520	0.888081	0.919677	0.900253	0.898803	0.898966	0.904602	0.921093	0.873130	0.899021	0.897366	0.875166	0.873580	0.907919	0.910510	0.898966	0.887469	0.893457	0.898966	0.898966	0.888216	0.898803	0.898966	0.897812	0.904456	0.926318	0.733318	0.888081	0.900726	0.899881	0.921432	0.902929	0.898966	0.898966	0.904650	0.898966	0.897812	0.898966	0.898966	0.904311	0.897366	0.898966	0.898966	0.900621	0.898803	0.868015	0.904116	0.904650	0.888081	0.906219	0.903969	0.875770	0.898034	0.898420	0.903625	0.880288	0.888081	0.888081	0.867415	0.860207	0.898803	0.875770	0.898966	0.879175	0.920786	0.898420	0.880288	0.903969
0.999829	0.898966	1.000000	0.947232	0.886989	0.999976	1.000000	0.968338	0.965959	1.000000	0.922466	0.970732	0.941600	0.999932	0.915300	0.999897	0.940662	0.999745	0.970732	0.884875	0.999950	0.889018	0.941558	0.885019	0.893214	0.914286	0.949106	0.922168	0.999947	0.898966	1.000000	0.877707	0.875684	0.915262	0.875426	0.922499	0.922168	0.999950	0.871851	0.999796	0.915378	0.915300	1.000000	0.889348	0.889348	0.912313	0.875684	0.948914	0.999968	0.961154	0.946975	0.999757	0.999947	0.892228	0.952789	0.999950	0.874643	1.000000	0.915262	0.968338	0.875339	0.948914	0.889348	0.946883	0.922466	0.894656	0.999965	0.941558	0.922466	0.947031	0.915262	0.999950	0.944935	0.999835	0.952789	0.999947	0.737498	0.892228	0.915300	0.923734	0.965959	0.948826	0.884514	0.999947	0.887538	0.912313	0.874379	0.874379	0.944935	0.949106	0.927098	0.968680	0.999817	0.915262	0.923734	0.914718	0.911941	0.884514	0.914718	0.900200	0.884442	0.922466	0.912272	0.915300	0.999953	0.927098	0.886989	0.928759	0.923734	1.000000	0.999947	0.922466	0.999835	0.912926	0.941537	0.915378	0.999979	0.999932	0.871666	0.922499	0.946883	0.893214	1.000000	0.999979	0.914718	0.884442	0.968680	0.948914	0.999950	0.999832	0.900200	0.887538	0.912926	0.999968	0.875166	0.918324	0.906731	0.999994	0.999950	0.889545	0.941600	0.909122	0.922168	0.914286	0.999979	0.889348	1.000000	0.941600	0.999888	0.883044	0.999950	0.999897	1.000000	0.948914	0.871666	0.969548	0.871293	0.999796	0.948826	0.999947	0.947232	0.940662	0.922466	0.883044	0.871293	0.999906	0.999979	0.875426	0.889348	0.941537	0.999947	0.999829	0.914718	0.941600	0.961154	0.889676	0.999979	0.922168	0.923734	0.999950	1.000000	0.874379	0.999950	0.999988	0.999888	0.875339	0.884875	0.737498	0.922499	0.871666	0.871480	0.889348	0.952472	0.999950	0.999965	0.875770	1.000000	0.999832	0.999947	1.000000	0.875166	0.999817	0.999976	0.999988	0.871666	0.999906	0.912272	0.947031	0.875770	0.922499	0.884875	0.946975	0.915262	0.969548	0.999968	0.874379	0.933624	0.922466	0.922466	0.911941	0.909122	0.999950	0.915262	1.000000	0.918324	0.889545	0.999968	0.933624	0.874643
0.946661	0.897534	0.947232	1.000000	0.899399	0.947232	0.947232	0.974313	0.940597	0.947232	0.942414	0.975128	0.973977	0.947067	0.935155	0.946975	0.972170	0.947122	0.975128	0.895069	0.947141	0.909647	0.973952	0.895128	0.896688	0.935130	0.971892	0.942165	0.947104	0.897534	0.947232	0.896345	0.890520	0.936032	0.890456	0.942414	0.942165	0.947141	0.886712	0.946568	0.935253	0.935155	0.947232	0.895245	0.895245	0.932406	0.890520	0.973723	0.947031	0.958392	0.967582	0.947122	0.947250	0.899291	0.987739	0.947141	0.889545	0.947232	0.936032	0.974313	0.890262	0.973723	0.895245	0.970079	0.942414	0.885731	0.947159	0.973952	0.942414	0.967603	0.936032	0.947141	0.979827	0.946661	0.987739	0.947104	0.764437	0.899291	0.935179	0.943474	0.940597	0.973664	0.894538	0.947104	0.907099	0.932406	0.893091	0.889150	0.979827	0.971892	0.915531	0.972632	0.946643	0.936032	0.943474	0.934409	0.932222	0.894538	0.934409	0.925586	0.894359	0.942414	0.932537	0.935179	0.947049	0.915531	0.899399	0.953986	0.943494	0.947232	0.947104	0.942414	0.946661	0.953151	0.973944	0.935253	0.947159	0.947067	0.886503	0.942414	0.970079	0.896688	0.947232	0.947214	0.934409	0.894359	0.972632	0.971683	0.947141	0.946791	0.925586	0.907099	0.953151	0.947031	0.890132	0.938651	0.929861	0.947232	0.947141	0.895304	0.973977	0.925278	0.942165	0.935130	0.947159	0.895245	0.947232	0.973977	0.946828	0.902476	0.947141	0.946975	0.947232	0.971683	0.886364	0.973087	0.886013	0.946568	0.973664	0.947104	1.000000	0.972170	0.942414	0.902476	0.886013	0.947177	0.947159	0.890456	0.895245	0.973944	0.947250	0.946661	0.934409	0.973977	0.958392	0.890905	0.947159	0.942165	0.943494	0.947214	0.947232	0.893091	0.947141	0.947232	0.946828	0.890262	0.895069	0.764437	0.942435	0.886503	0.885872	0.895245	0.987724	0.947214	0.947159	0.890520	0.947232	0.946791	0.947104	0.947232	0.890132	0.946643	0.947232	0.947232	0.886364	0.947177	0.932537	0.967603	0.890520	0.942435	0.903871	0.967582	0.935155	0.973087	0.947031	0.889150	0.962396	0.942414	0.942414	0.932222	0.925278	0.947141	0.935155	0.947232	0.938651	0.895304	0.947031	0.962396	0.889545
0.884947	0.919537	0.886989	0.899399	1.000000	0.886989	0.886989	0.902577	0.885943	0.886989	0.891602	0.901454	0.874643	0.886573	0.887332	0.886294	0.891096	0.887057	0.901454	0.993573	0.886989	0.951747	0.874643	0.993577	0.900200	0.882142	0.911483	0.891032	0.887057	0.919537	0.886989	0.991647	0.928299	0.883637	0.928038	0.891602	0.891032	0.886989	0.924402	0.884875	0.887332	0.887332	0.886989	0.957983	0.957969	0.880835	0.928299	0.904650	0.886294	0.956485	0.900569	0.886781	0.886989	0.962020	0.905465	0.886989	0.927216	0.886989	0.883637	0.902577	0.927893	0.904650	0.957983	0.901351	0.891602	0.883416	0.886989	0.874643	0.891602	0.900621	0.883637	0.886989	0.892723	0.884947	0.905465	0.887057	0.763800	0.962020	0.887332	0.894715	0.885943	0.904408	0.993541	0.887057	0.939481	0.880835	0.895421	0.926889	0.892723	0.911483	0.863986	0.902273	0.884875	0.883637	0.894715	0.886433	0.879495	0.993541	0.886433	0.892476	0.993376	0.891602	0.880835	0.887332	0.886850	0.863986	1.000000	0.903377	0.894715	0.886989	0.887057	0.891602	0.884947	0.881684	0.874202	0.887332	0.886989	0.886573	0.926045	0.891602	0.901351	0.900200	0.886989	0.886989	0.886433	0.993376	0.902273	0.911357	0.886989	0.885518	0.892476	0.939481	0.881684	0.886294	0.927688	0.890067	0.894597	0.886989	0.886989	0.957486	0.874643	0.871293	0.891032	0.882142	0.886989	0.957305	0.886989	0.874643	0.885518	0.930028	0.886989	0.886294	0.886989	0.911357	0.923990	0.900569	0.923702	0.884875	0.904408	0.887057	0.899399	0.891096	0.891602	0.930028	0.923702	0.886781	0.886989	0.928038	0.957305	0.874202	0.886989	0.884947	0.886433	0.874643	0.956485	0.886850	0.886989	0.891032	0.894715	0.886989	0.886989	0.895421	0.886989	0.886989	0.885518	0.927893	0.993573	0.763800	0.891602	0.926045	0.923509	0.957969	0.905417	0.886989	0.886989	0.928299	0.886989	0.885518	0.887057	0.886989	0.927688	0.884875	0.886989	0.886989	0.923990	0.886781	0.880835	0.900621	0.928299	0.891602	0.937245	0.900569	0.887126	0.900569	0.886294	0.926889	0.882595	0.891602	0.891602	0.879495	0.871293	0.886989	0.887126	0.886989	0.890067	0.957486	0.886294	0.882595	0.927216
0.999805	0.898966	0.999976	0.947232	0.886989	1.000000	0.999976	0.968318	0.965949	0.999976	0.922466	0.970723	0.941600	0.999909	0.915300	0.999873	0.940662	0.999722	0.970723	0.884803	0.999926	0.889018	0.941558	0.885019	0.893214	0.914286	0.949089	0.922168	0.999923	0.898966	0.999976	0.877707	0.875684	0.915262	0.875426	0.922466	0.922168	0.999926	0.871851	0.999772	0.915339	0.915300	0.999976	0.889348	0.889348	0.912313	0.875684	0.948897	0.999944	0.961154	0.946957	0.999733	0.999923	0.892228	0.952789	0.999926	0.874643	0.999976	0.915262	0.968318	0.875339	0.948897	0.889348	0.946865	0.922466	0.894656	0.999941	0.941558	0.922466	0.947012	0.915262	0.999926	0.944916	0.999811	0.952789	0.999923	0.737498	0.892228	0.915300	0.923734	0.965949	0.948809	0.884514	0.999923	0.887538	0.912313	0.874379	0.874379	0.944916	0.949089	0.927098	0.968660	0.999793	0.915262	0.923734	0.914718	0.911941	0.884514	0.914718	0.900200	0.884442	0.922466	0.912272	0.915300	0.999929	0.927098	0.886989	0.928759	0.923702	0.999976	0.999923	0.922466	0.999811	0.912926	0.941537	0.915339	0.999956	0.999909	0.871573	0.922466	0.946865	0.893214	0.999976	0.999956	0.914718	0.884442	0.968660	0.948914	0.999926	0.999808	0.900200	0.887538	0.912926	0.999944	0.875166	0.918324	0.906731	0.999971	0.999926	0.889545	0.941600	0.909122	0.922168	0.914286	0.999956	0.889348	0.999976	0.941600	0.999864	0.883044	0.999926	0.999873	0.999976	0.948914	0.871666	0.969538	0.871293	0.999772	0.948809	0.999923	0.947232	0.940662	0.922466	0.883044	0.871293	0.999882	0.999956	0.875426	0.889348	0.941537	0.999923	0.999805	0.914718	0.941600	0.961154	0.889676	0.999956	0.922168	0.923702	0.999926	0.999976	0.874379	0.999926	0.999965	0.999864	0.875339	0.884803	0.737498	0.922466	0.871573	0.871480	0.889348	0.952456	0.999926	0.999941	0.875684	0.999976	0.999808	0.999923	0.999976	0.875166	0.999793	1.000000	0.999965	0.871666	0.999882	0.912272	0.947012	0.875684	0.922466	0.884875	0.946957	0.915223	0.969538	0.999944	0.874379	0.933624	0.922466	0.922466	0.911941	0.909122	0.999926	0.915223	0.999976	0.918324	0.889545	0.999944	0.933624	0.874643
0.999829	0.898966	1.000000	0.947232	0.886989	0.999976	1.000000	0.968338	0.965959	1.000000	0.922466	0.970732	0.941600	0.999932	0.915300	0.999897	0.940662	0.999745	0.970732	0.884875	0.999950	0.889018	0.941558	0.885019	0.893214	0.914286	0.949106	0.922168	0.999947	0.898966	1.000000	0.877707	0.875684	0.915262	0.875426	0.922499	0.922168	0.999950	0.871851	0.999796	0.915378	0.915300	1.000000	0.889348	0.889348	0.912313	0.875684	0.948914	0.999968	0.961154	0.946975	0.999757	0.999947	0.892228	0.952789	0.999950	0.874643	1.000000	0.915262	0.968338	0.875339	0.948914	0.889348	0.946883	0.922466	0.894656	0.999965	0.941558	0.922466	0.947031	0.915262	0.999950	0.944935	0.999835	0.952789	0.999947	0.737498	0.892228	0.915300	0.923734	0.965959	0.948826	0.884514	0.999947	0.887538	0.912313	0.874379	0.874379	0.944935	0.949106	0.927098	0.968680	0.999817	0.915262	0.923734	0.914718	0.911941	0.884514	0.914718	0.900200	0.884442	0.922466	0.912272	0.915300	0.999953	0.927098	0.886989	0.928759	0.923734	1.000000	0.999947	0.922466	0.999835	0.912926	0.941537	0.915378	0.999979	0.999932	0.871666	0.922499	0.946883	0.893214	1.000000	0.999979	0.914718	0.884442	0.968680	0.948914	0.999950	0.999832	0.900200	0.887538	0.912926	0.999968	0.875166	0.918324	0.906731	0.999994	0.999950	0.889545	0.941600	0.909122	0.922168	0.914286	0.999979	0.889348	1.000000	0.941600	0.999888	0.883044	0.999950	0.999897	1.000000	0.948914	0.871666	0.969548	0.871293	0.999796	0.948826	0.999947	0.947232	0.940662	0.922466	0.883044	0.871293	0.999906	0.999979	0.875426	0.889348	0.941537	0.999947	0.999829	0.914718	0.941600	0.961154	0.889676	0.999979	0.922168	0.923734	0.999950	1.000000	0.874379	0.999950	0.999988	0.999888	0.875339	0.884875	0.737498	0.922499	0.871666	0.871480	0.889348	0.952472	0.999950	0.999965	0.875770	1.000000	0.999832	0.999947	1.000000	0.875166	0.999817	0.999976	0.999988	0.871666	0.999906	0.912272	0.947031	0.875770	0.922499	0.884875	0.946975	0.915262	0.969548	0.999968	0.874379	0.933624	0.922466	0.922466	0.911941	0.909122	0.999950	0.915262	1.000000	0.918324	0.889545	0.999968	0.933624	0.874643
0.967962	0.900988	0.968338	0.974313	0.902577	0.968318	0.968338	1.000000	0.967468	0.968338	0.949608	0.996609	0.963665	0.968197	0.931342	0.968146	0.961934	0.968237	0.996609	0.897422	0.968278	0.912967	0.963607	0.897590	0.900831	0.930498	0.973165	0.949367	0.968247	0.900988	0.968338	0.899614	0.893518	0.931637	0.893091	0.949625	0.949367	0.968278	0.889084	0.967901	0.931476	0.931342	0.968338	0.904795	0.904795	0.928241	0.893518	0.974900	0.968227	0.982193	0.957472	0.968146	0.968278	0.908902	0.978808	0.968278	0.892104	0.968338	0.931637	1.000000	0.893030	0.974900	0.904795	0.971692	0.949608	0.897310	0.968237	0.963607	0.949608	0.957569	0.931637	0.968278	0.969548	0.967962	0.978808	0.968247	0.761180	0.908902	0.931342	0.950357	0.967468	0.974842	0.896971	0.968247	0.910936	0.928241	0.895885	0.891854	0.969548	0.973165	0.910167	0.996375	0.967952	0.931637	0.950357	0.930415	0.927893	0.896971	0.930415	0.928444	0.896915	0.949608	0.928328	0.931342	0.968298	0.910167	0.902577	0.957832	0.950374	0.968338	0.968247	0.949608	0.967962	0.926770	0.963595	0.931476	0.968278	0.968197	0.888818	0.949625	0.971692	0.900831	0.968338	0.968318	0.930415	0.896915	0.996375	0.972939	0.968278	0.968044	0.928444	0.910936	0.926770	0.968227	0.892969	0.934709	0.933522	0.968318	0.968278	0.905131	0.963665	0.920511	0.949367	0.930498	0.968278	0.904987	0.968338	0.963665	0.968064	0.905607	0.968278	0.968146	0.968338	0.972939	0.888618	0.994698	0.888417	0.967901	0.974842	0.968247	0.974313	0.961934	0.949608	0.905607	0.888417	0.968257	0.968278	0.893091	0.904987	0.963595	0.968278	0.967962	0.930415	0.963665	0.982193	0.893578	0.968278	0.949367	0.950374	0.968257	0.968338	0.895885	0.968278	0.968328	0.968064	0.893030	0.897422	0.761180	0.949625	0.888818	0.888618	0.904795	0.979199	0.968257	0.968237	0.893518	0.968338	0.968044	0.968247	0.968338	0.892969	0.967952	0.968318	0.968328	0.888618	0.968257	0.928328	0.957569	0.893518	0.949625	0.907420	0.957472	0.931315	0.994698	0.968227	0.891854	0.951470	0.949608	0.949608	0.927893	0.920511	0.968278	0.931315	0.968338	0.934709	0.905131	0.968227	0.951470	0.892104
0.965632	0.879495	0.965959	0.940597	0.885943	0.965949	0.965959	0.967468	1.000000	0.965959	0.914522	0.963851	0.927600	0.965851	0.906219	0.965807	0.929972	0.965719	0.963851	0.883267	0.965905	0.890456	0.927512	0.883416	0.899345	0.904505	0.940576	0.914168	0.965873	0.879495	0.965959	0.879175	0.877292	0.905274	0.877125	0.914522	0.914168	0.965905	0.873669	0.965566	0.906172	0.906219	0.965959	0.915300	0.915339	0.902425	0.877292	0.938786	0.965840	0.958903	0.946643	0.965654	0.965938	0.918828	0.942866	0.965905	0.876368	0.965959	0.905274	0.967468	0.876958	0.938786	0.915300	0.937057	0.914522	0.877955	0.965905	0.927512	0.914522	0.946735	0.905274	0.965905	0.934208	0.965643	0.942866	0.965873	0.740447	0.918828	0.906219	0.916594	1.000000	0.938673	0.882970	0.965873	0.887946	0.902425	0.876283	0.876198	0.934208	0.940576	0.959696	0.963560	0.965621	0.905274	0.916594	0.905179	0.901968	0.882970	0.905179	0.888818	0.882820	0.914522	0.902324	0.906219	0.965927	0.959696	0.885943	0.926889	0.916594	0.965959	0.965873	0.914522	0.965643	0.902222	0.927512	0.906172	0.965927	0.965851	0.873580	0.914522	0.937057	0.899345	0.965959	0.965949	0.905179	0.882820	0.963560	0.940468	0.965905	0.965719	0.888818	0.887946	0.902222	0.965840	0.876958	0.908990	0.942124	0.965949	0.965905	0.915570	0.927600	0.943434	0.914168	0.904505	0.965927	0.915378	0.965959	0.927600	0.965719	0.884296	0.965905	0.965807	0.965959	0.940468	0.873130	0.962936	0.872949	0.965566	0.938673	0.965873	0.940597	0.929972	0.914522	0.884296	0.872949	0.965785	0.965927	0.877125	0.915378	0.927512	0.965938	0.965632	0.905179	0.927600	0.958903	0.872677	0.965927	0.914168	0.916594	0.965916	0.965959	0.876283	0.965905	0.965938	0.965719	0.876958	0.883267	0.740447	0.914522	0.873580	0.873040	0.915339	0.942165	0.965916	0.965905	0.877376	0.965959	0.965719	0.965873	0.965959	0.876958	0.965621	0.965949	0.965938	0.873130	0.965785	0.902324	0.946735	0.877376	0.914522	0.886224	0.946643	0.906031	0.962936	0.965840	0.876198	0.923477	0.914522	0.914522	0.901968	0.943434	0.965905	0.906031	0.965959	0.908990	0.915570	0.965840	0.923477	0.876368
0.999829	0.898966	1.000000	0.947232	0.886989	0.999976	1.000000	0.968338	0.965959	1.000000	0.922466	0.970732	0.941600	0.999932	0.915300	0.999897	0.940662	0.999745	0.970732	0.884875	0.999950	0.889018	0.941558	0.885019	0.893214	0.914286	0.949106	0.922168	0.999947	0.898966	1.000000	0.877707	0.875684	0.915262	0.875426	0.922499	0.922168	0.999950	0.871851	0.999796	0.915378	0.915300	1.000000	0.889348	0.889348	0.912313	0.875684	0.948914	0.999968	0.961154	0.946975	0.999757	0.999947	0.892228	0.952789	0.999950	0.874643	1.000000	0.915262	0.968338	0.875339	0.948914	0.889348	0.946883	0.922466	0.894656	0.999965	0.941558	0.922466	0.947031	0.915262	0.999950	0.944935	0.999835	0.952789	0.999947	0.737498	0.892228	0.915300	0.923734	0.965959	0.948826	0.884514	0.999947	0.887538	0.912313	0.874379	0.874379	0.944935	0.949106	0.927098	0.968680	0.999817	0.915262	0.923734	0.914718	0.911941	0.884514	0.914718	0.900200	0.884442	0.922466	0.912272	0.915300	0.999953	0.927098	0.886989	0.928759	0.923734	1.000000	0.999947	0.922466	0.999835	0.912926	0.941537	0.915378	0.999979	0.999932	0.871666	0.922499	0.946883	0.893214	1.000000	0.999979	0.914718	0.884442	0.968680	0.948914	0.999950	0.999832	0.900200	0.887538	0.912926	0.999968	0.875166	0.918324	0.906731	0.999994	0.999950	0.889545	0.941600	0.909122	0.922168	0.914286	0.999979	0.889348	1.000000	0.941600	0.999888	0.883044	0.999950	0.999897	1.000000	0.948914	0.871666	0.969548	0.871293	0.999796	0.948826	0.999947	0.947232	0.940662	0.922466	0.883044	0.871293	0.999906	0.999979	0.875426	0.889348	0.941537	0.999947	0.999829	0.914718	0.941600	0.961154	0.889676	0.999979	0.922168	0.923734	0.999950	1.000000	0.874379	0.999950	0.999988	0.999888	0.875339	0.884875	0.737498	0.922499	0.871666	0.871480	0.889348	0.952472	0.999950	0.999965	0.875770	1.000000	0.999832	0.999947	1.000000	0.875166	0.999817	0.999976	0.999988	0.871666	0.999906	0.912272	0.947031	0.875770	0.922499	0.884875	0.946975	0.915262	0.969548	0.999968	0.874379	0.933624	0.922466	0.922466	0.911941	0.909122	0.999950	0.915262	1.000000	0.918324	0.889545	0.999968	0.933624	0.874643
0.922860	0.888081	0.922466	0.942414	0.891602	0.922466	0.922466	0.949608	0.914522	0.922466	1.000000	0.949176	0.932432	0.922466	0.907647	0.922035	0.934883	0.922400	0.949176	0.885872	0.922301	0.902070	0.932485	0.886013	0.863986	0.906684	0.948136	0.999935	0.922268	0.888081	0.922466	0.887742	0.882293	0.906684	0.882066	0.999959	0.999935	0.922301	0.878771	0.922729	0.907829	0.907647	0.922466	0.910382	0.910339	0.903029	0.882293	0.950676	0.922102	0.929130	0.928299	0.922301	0.922466	0.914247	0.948527	0.922301	0.881377	0.922466	0.906684	0.949608	0.881837	0.950676	0.910382	0.943674	0.999968	0.903328	0.922400	0.932485	0.999968	0.928386	0.906684	0.922301	0.940532	0.922860	0.948527	0.922268	0.788440	0.914247	0.907647	0.995704	0.914522	0.950592	0.885233	0.922268	0.897478	0.903029	0.885305	0.881068	0.940532	0.948136	0.919992	0.949642	0.922893	0.906684	0.995704	0.906545	0.902222	0.885233	0.906545	0.917669	0.886154	1.000000	0.903178	0.907647	0.922400	0.919992	0.891602	0.949933	0.995762	0.922466	0.922268	0.999968	0.922860	0.902526	0.932301	0.907829	0.922400	0.922466	0.878365	0.999959	0.943674	0.863986	0.922466	0.922466	0.906545	0.886154	0.949642	0.948118	0.922301	0.922762	0.917669	0.897478	0.902526	0.922102	0.881761	0.911147	0.923121	0.922466	0.922301	0.910467	0.932432	0.897590	0.999935	0.906684	0.922400	0.910424	0.922466	0.932432	0.922729	0.893030	0.922301	0.922035	0.922466	0.948118	0.878283	0.947305	0.877873	0.922729	0.950592	0.922268	0.942414	0.934883	0.999968	0.893030	0.877873	0.922334	0.922400	0.882066	0.910424	0.932301	0.922466	0.922860	0.906545	0.932432	0.929130	0.897084	0.922400	0.999935	0.995762	0.922466	0.922466	0.885305	0.922301	0.922466	0.922729	0.881837	0.885872	0.788440	0.999968	0.878365	0.877707	0.910339	0.948914	0.922466	0.922400	0.882293	0.922466	0.922762	0.922268	0.922466	0.881761	0.922893	0.922466	0.922466	0.878283	0.922334	0.903178	0.928386	0.882293	0.999968	0.896231	0.928299	0.907647	0.947305	0.922102	0.881068	0.924905	0.999968	0.999968	0.902222	0.897590	0.922301	0.907647	0.922466	0.911147	0.910467	0.922102	0.924905	0.881377
0.970422	0.900569	0.970732	0.975128	0.901454	0.970723	0.970732	0.996609	0.963851	0.970732	0.949176	1.000000	0.965489	0.970601	0.931288	0.970563	0.965938	0.970648	1.000000	0.896745	0.970685	0.912065	0.965489	0.896802	0.897028	0.930388	0.974604	0.948932	0.970657	0.900569	0.970732	0.899183	0.892600	0.931503	0.892228	0.949176	0.948932	0.970685	0.888148	0.970355	0.931395	0.931288	0.970732	0.904408	0.904408	0.928154	0.892600	0.978643	0.970629	0.985117	0.960598	0.970544	0.970714	0.908502	0.981913	0.970685	0.891223	0.970732	0.931503	0.996609	0.892041	0.978643	0.904408	0.974711	0.949176	0.896745	0.970657	0.965489	0.949176	0.960712	0.931503	0.970685	0.973544	0.970412	0.981913	0.970657	0.750941	0.908502	0.931288	0.949505	0.963851	0.978593	0.896231	0.970657	0.910723	0.928154	0.894952	0.890841	0.973544	0.974604	0.909865	0.997356	0.970403	0.931503	0.949505	0.930333	0.927893	0.896231	0.930333	0.928009	0.896231	0.949176	0.928241	0.931288	0.970638	0.909865	0.901454	0.957472	0.949522	0.970732	0.970657	0.949176	0.970412	0.927541	0.965445	0.931395	0.970685	0.970601	0.887742	0.949176	0.974711	0.897028	0.970732	0.970723	0.930333	0.896231	0.997356	0.974380	0.970685	0.970488	0.928009	0.910723	0.927541	0.970629	0.891979	0.934559	0.932720	0.970723	0.970685	0.904698	0.965489	0.920270	0.948932	0.930388	0.970685	0.904602	0.970732	0.965489	0.970516	0.905274	0.970685	0.970563	0.970732	0.974380	0.887742	0.996967	0.887401	0.970355	0.978593	0.970657	0.975128	0.965938	0.949176	0.905274	0.887401	0.970667	0.970685	0.892228	0.904602	0.965445	0.970714	0.970422	0.930333	0.965489	0.985117	0.893030	0.970685	0.948932	0.949522	0.970667	0.970732	0.894952	0.970685	0.970732	0.970516	0.892041	0.896745	0.750941	0.949176	0.887742	0.887674	0.904408	0.982401	0.970667	0.970657	0.892476	0.970732	0.970488	0.970657	0.970732	0.891979	0.970403	0.970723	0.970732	0.887742	0.970667	0.928241	0.960712	0.892476	0.949176	0.906452	0.960598	0.931234	0.996967	0.970629	0.890841	0.955530	0.949176	0.949176	0.927893	0.920270	0.970685	0.931234	0.970732	0.934559	0.904698	0.970629	0.955530	0.891223
0.940899	0.873580	0.941600	0.973977	0.874643	0.941600	0.941600	0.963665	0.927600	0.941600	0.932432	0.965489	1.000000	0.941410	0.948047	0.941558	0.971437	0.941410	0.965489	0.871573	0.941600	0.889807	0.999838	0.871758	0.889414	0.931044	0.967291	0.932485	0.941453	0.873580	0.941600	0.873758	0.871012	0.932010	0.870918	0.932459	0.932485	0.941600	0.867515	0.940770	0.947921	0.948047	0.941600	0.871943	0.871943	0.948082	0.871012	0.969597	0.941642	0.946865	0.960852	0.941516	0.941558	0.876283	0.981662	0.941600	0.869968	0.941600	0.932010	0.963665	0.870918	0.969597	0.871943	0.965665	0.932432	0.860780	0.941516	0.999838	0.932432	0.960852	0.932010	0.941600	0.994369	0.940877	0.981662	0.941453	0.760505	0.876283	0.948064	0.934082	0.927600	0.969606	0.871666	0.941453	0.883193	0.948082	0.868805	0.869583	0.994369	0.967291	0.912272	0.963149	0.940899	0.932010	0.934082	0.947269	0.948136	0.871666	0.947269	0.941431	0.870445	0.932432	0.948100	0.948064	0.941495	0.912272	0.874643	0.945206	0.934107	0.941600	0.941453	0.932432	0.940877	0.944643	0.999885	0.947921	0.941516	0.941410	0.867213	0.932459	0.965665	0.889414	0.941600	0.941621	0.947269	0.870445	0.963149	0.967092	0.941600	0.941049	0.941431	0.883193	0.944643	0.941642	0.870635	0.932248	0.917375	0.941600	0.941600	0.871943	1.000000	0.940403	0.932485	0.931044	0.941516	0.871943	0.941600	1.000000	0.941091	0.879814	0.941600	0.941558	0.941600	0.967092	0.867314	0.963314	0.866909	0.940770	0.969606	0.941453	0.973977	0.971437	0.932432	0.879814	0.866909	0.941600	0.941516	0.870918	0.871943	0.999885	0.941558	0.940899	0.947269	1.000000	0.946865	0.866399	0.941516	0.932485	0.934107	0.941579	0.941600	0.868805	0.941600	0.941600	0.941091	0.870918	0.871573	0.760505	0.932459	0.867213	0.866604	0.871943	0.984889	0.941579	0.941516	0.871012	0.941600	0.941049	0.941453	0.941600	0.870635	0.940899	0.941600	0.941600	0.867314	0.941600	0.948100	0.960852	0.871012	0.932459	0.885447	0.960852	0.947957	0.963314	0.941642	0.869583	0.960927	0.932432	0.932432	0.948136	0.940403	0.941600	0.947957	0.941600	0.932248	0.871943	0.941642	0.960927	0.869968
0.999843	0.898585	0.999932	0.947067	0.886573	0.999909	0.999932	0.968197	0.965851	0.999932	0.922466	0.970601	0.941410	1.000000	0.915068	0.999855	0.940489	0.999701	0.970601	0.884442	0.999885	0.888551	0.941368	0.884586	0.893030	0.914207	0.948932	0.922168	0.999879	0.898585	0.999932	0.877292	0.875426	0.915068	0.875079	0.922532	0.922168	0.999885	0.871573	0.999811	0.915146	0.915068	0.999932	0.888885	0.888885	0.912107	0.875426	0.948721	0.999900	0.961053	0.946828	0.999716	0.999882	0.891791	0.952647	0.999885	0.874379	0.999932	0.915068	0.968197	0.875079	0.948721	0.888885	0.946717	0.922499	0.894359	0.999897	0.941368	0.922499	0.946920	0.915068	0.999885	0.944760	0.999849	0.952647	0.999879	0.737498	0.891791	0.915107	0.923477	0.965851	0.948633	0.884078	0.999879	0.887264	0.912107	0.873936	0.874025	0.944760	0.948932	0.927038	0.968570	0.999832	0.915068	0.923477	0.914483	0.911692	0.884078	0.914483	0.899881	0.884078	0.922466	0.912024	0.915107	0.999885	0.927038	0.886573	0.928472	0.923477	0.999932	0.999879	0.922499	0.999849	0.912763	0.941347	0.915146	0.999912	1.000000	0.871293	0.922532	0.946717	0.893030	0.999932	0.999912	0.914483	0.884078	0.968570	0.948686	0.999885	0.999876	0.899881	0.887264	0.912763	0.999900	0.874905	0.918143	0.906452	0.999926	0.999885	0.889084	0.941410	0.908990	0.922168	0.914207	0.999912	0.889018	0.999932	0.941410	0.999903	0.882595	0.999885	0.999855	0.999932	0.948686	0.871387	0.969636	0.870918	0.999811	0.948633	0.999879	0.947067	0.940489	0.922499	0.882595	0.870918	0.999864	0.999912	0.875079	0.889018	0.941347	0.999882	0.999843	0.914483	0.941410	0.961053	0.889545	0.999912	0.922168	0.923477	0.999885	0.999932	0.873936	0.999885	0.999944	0.999903	0.875079	0.884442	0.737498	0.922532	0.871293	0.871200	0.888885	0.952312	0.999885	0.999897	0.875426	0.999932	0.999876	0.999879	0.999932	0.874905	0.999832	0.999909	0.999944	0.871387	0.999864	0.912024	0.946920	0.875426	0.922532	0.884514	0.946828	0.915030	0.969636	0.999900	0.874025	0.933496	0.922499	0.922499	0.911692	0.908990	0.999885	0.915030	0.999932	0.918143	0.889084	0.999900	0.933496	0.874379
0.914365	0.875770	0.915300	0.935155	0.887332	0.915300	0.915300	0.931342	0.906219	0.915300	0.907647	0.931288	0.948047	0.915068	1.000000	0.914991	0.932010	0.915300	0.931288	0.883416	0.915300	0.890456	0.948064	0.883490	0.891286	0.996145	0.941453	0.907511	0.915146	0.875770	0.915300	0.876452	0.939481	0.996396	0.939658	0.907647	0.907511	0.915300	0.935936	0.914207	0.999754	1.000000	0.915300	0.874643	0.874643	0.999113	0.939481	0.937619	0.915030	0.913169	0.924967	0.915107	0.915300	0.878365	0.938034	0.915300	0.938809	0.915300	0.996396	0.931342	0.938764	0.937619	0.874643	0.935204	0.907647	0.867314	0.915223	0.948064	0.907647	0.925029	0.996396	0.915300	0.953291	0.914365	0.938034	0.915146	0.755552	0.878365	0.999985	0.910424	0.906219	0.937502	0.883342	0.915146	0.883931	0.999113	0.871943	0.939236	0.953291	0.941453	0.979459	0.931449	0.914365	0.996396	0.910424	0.999067	0.999162	0.883342	0.999067	0.956926	0.883044	0.907647	0.999079	0.999985	0.915185	0.979459	0.887332	0.916930	0.910424	0.915300	0.915146	0.907647	0.914365	0.995375	0.947885	0.999754	0.915223	0.915068	0.936821	0.907647	0.935204	0.891286	0.915300	0.915300	0.999067	0.883044	0.931449	0.941176	0.915300	0.914601	0.956926	0.883931	0.995375	0.915030	0.940748	0.997178	0.965034	0.915300	0.915300	0.874818	0.948047	0.992555	0.907511	0.996145	0.915223	0.874818	0.915300	0.948047	0.914679	0.880366	0.915300	0.914991	0.915300	0.941176	0.937873	0.929833	0.935523	0.914207	0.937502	0.915146	0.935155	0.932010	0.907647	0.880366	0.935523	0.915185	0.915223	0.939658	0.874818	0.947885	0.915300	0.914365	0.999067	0.948047	0.913169	0.869680	0.915223	0.907511	0.910424	0.915300	0.915300	0.871943	0.915300	0.915300	0.914679	0.938764	0.883416	0.755552	0.907647	0.936821	0.937292	0.874643	0.941113	0.915300	0.915223	0.939236	0.915300	0.914601	0.915146	0.915300	0.940748	0.914365	0.915300	0.915300	0.937873	0.915185	0.999079	0.925029	0.939236	0.907647	0.932694	0.924967	0.999757	0.929833	0.915030	0.939236	0.925247	0.907647	0.907647	0.999162	0.992555	0.915300	0.999757	0.915300	0.997178	0.874818	0.915030	0.925247	0.938809
0.999748	0.898310	0.999897	0.946975	0.886294	0.999873	0.999897	0.968146	0.965807	0.999897	0.922035	0.970563	0.941558	0.999855	0.914991	1.000000	0.940381	0.999686	0.970563	0.884151	0.999846	0.888350	0.941516	0.884369	0.892846	0.914365	0.948862	0.921734	0.999843	0.898310	0.999897	0.876874	0.874992	0.915300	0.874730	0.922035	0.921734	0.999846	0.871387	0.999716	0.915030	0.914991	0.999897	0.888752	0.888685	0.912313	0.874992	0.948633	0.999923	0.960990	0.946754	0.999674	0.999843	0.891602	0.952551	0.999846	0.873936	0.999897	0.915300	0.968146	0.874643	0.948633	0.888752	0.946624	0.922035	0.894120	0.999861	0.941516	0.922035	0.946809	0.915300	0.999846	0.944896	0.999754	0.952551	0.999843	0.737498	0.891602	0.914991	0.923315	0.965807	0.948668	0.883858	0.999843	0.886712	0.912313	0.873669	0.873669	0.944896	0.948862	0.927127	0.968510	0.999736	0.915300	0.923315	0.914404	0.911941	0.883858	0.914404	0.899667	0.883784	0.922035	0.912272	0.914991	0.999873	0.927127	0.886294	0.928357	0.923315	0.999897	0.999843	0.922035	0.999754	0.912885	0.941516	0.915030	0.999876	0.999855	0.871200	0.922035	0.946624	0.892846	0.999897	0.999876	0.914404	0.883784	0.968510	0.948668	0.999846	0.999754	0.899667	0.886712	0.912885	0.999923	0.874467	0.917998	0.906219	0.999891	0.999846	0.888951	0.941558	0.909210	0.921734	0.914365	0.999876	0.888752	0.999897	0.941558	0.999808	0.882745	0.999846	1.000000	0.999897	0.948668	0.871200	0.969363	0.870824	0.999716	0.948668	0.999843	0.946975	0.940381	0.922035	0.882745	0.870824	0.999826	0.999876	0.874730	0.888752	0.941516	0.999843	0.999748	0.914404	0.941558	0.960990	0.889084	0.999876	0.921734	0.923315	0.999846	0.999897	0.873669	0.999846	0.999909	0.999808	0.874643	0.884151	0.737498	0.922035	0.871200	0.870729	0.888685	0.952232	0.999846	0.999861	0.874992	0.999897	0.999754	0.999843	0.999897	0.874467	0.999736	0.999873	0.999909	0.871200	0.999826	0.912272	0.946809	0.874992	0.922035	0.884803	0.946754	0.914913	0.969363	0.999923	0.873669	0.933342	0.922035	0.922035	0.911941	0.909210	0.999846	0.914913	0.999897	0.917998	0.888951	0.999923	0.933342	0.873936
0.939988	0.890520	0.940662	0.972170	0.891096	0.940662	0.940662	0.961934	0.929972	0.940662	0.934883	0.965938	0.971437	0.940489	0.932010	0.940381	1.000000	0.940554	0.965938	0.887674	0.940554	0.902172	0.971482	0.887810	0.895653	0.931152	0.965434	0.934659	0.940532	0.890520	0.940662	0.889611	0.884731	0.932195	0.884442	0.934883	0.934659	0.940554	0.880445	0.939878	0.932116	0.932010	0.940662	0.888484	0.888484	0.928645	0.884731	0.969186	0.940424	0.949470	0.961453	0.940532	0.940662	0.892228	0.979480	0.940554	0.883564	0.940662	0.932195	0.961934	0.884369	0.969186	0.888484	0.965533	0.934883	0.878446	0.940597	0.971482	0.934883	0.961465	0.932195	0.940554	0.977242	0.939988	0.979480	0.940532	0.745931	0.892228	0.932010	0.936153	0.929972	0.969137	0.887195	0.940532	0.898694	0.928645	0.885233	0.883193	0.977242	0.965434	0.913731	0.962888	0.939988	0.932195	0.936153	0.931098	0.929073	0.887195	0.931098	0.917338	0.887057	0.934883	0.928759	0.932010	0.940468	0.913731	0.891096	0.945931	0.936153	0.940662	0.940532	0.934883	0.939988	0.929158	0.971427	0.932116	0.940597	0.940489	0.880130	0.934883	0.965533	0.895653	0.940662	0.940662	0.931098	0.887057	0.962888	0.965268	0.940554	0.940141	0.917338	0.898694	0.929158	0.940424	0.884151	0.935425	0.922466	0.940662	0.940554	0.888618	0.971437	0.922696	0.934659	0.931152	0.940597	0.888484	0.940662	0.971437	0.940163	0.894478	0.940554	0.940381	0.940662	0.965268	0.880130	0.963595	0.879734	0.939878	0.969137	0.940532	0.972170	1.000000	0.934883	0.894478	0.879734	0.940576	0.940597	0.884442	0.888484	0.971427	0.940662	0.939988	0.931098	0.971437	0.949470	0.883490	0.940597	0.934659	0.936153	0.940662	0.940662	0.885233	0.940554	0.940662	0.940163	0.884369	0.887674	0.745931	0.934883	0.880130	0.879734	0.888484	0.982351	0.940662	0.940597	0.884731	0.940662	0.940141	0.940532	0.940662	0.884151	0.939988	0.940662	0.940662	0.880130	0.940576	0.928759	0.961465	0.884731	0.934883	0.896745	0.961453	0.931930	0.963595	0.940424	0.883193	0.985689	0.934883	0.934883	0.929073	0.922696	0.940554	0.931930	0.940662	0.935425	0.888618	0.940424	0.985689	0.883564
0.999596	0.898858	0.999745	0.947122	0.887057	0.999722	0.999745	0.968237	0.965719	0.999745	0.922400	0.970648	0.941410	0.999701	0.915300	0.999686	0.940554	1.000000	0.970648	0.884947	0.999695	0.889018	0.941389	0.885019	0.893091	0.914326	0.949054	0.922102	0.999692	0.898858	0.999745	0.877707	0.875512	0.915300	0.875339	0.922433	0.922102	0.999695	0.871758	0.999563	0.915416	0.915300	0.999745	0.889348	0.889348	0.912313	0.875512	0.948774	0.999713	0.961078	0.946865	0.999632	0.999692	0.892228	0.952662	0.999695	0.874467	0.999745	0.915300	0.968237	0.875166	0.948774	0.889348	0.946772	0.922400	0.894656	0.999710	0.941389	0.922400	0.946920	0.915300	0.999695	0.944819	0.999602	0.952662	0.999692	0.737498	0.892228	0.915300	0.923702	0.965719	0.948686	0.884586	0.999692	0.887332	0.912313	0.874379	0.874291	0.944819	0.949054	0.926919	0.968580	0.999584	0.915300	0.923702	0.914718	0.911941	0.884586	0.914718	0.900200	0.884442	0.922400	0.912272	0.915300	0.999698	0.926919	0.887057	0.928731	0.923670	0.999745	0.999692	0.922400	0.999602	0.912967	0.941368	0.915416	0.999725	0.999701	0.871573	0.922433	0.946772	0.893091	0.999745	0.999725	0.914718	0.884442	0.968580	0.948862	0.999695	0.999599	0.900200	0.887332	0.912967	0.999713	0.875079	0.918361	0.906731	0.999739	0.999695	0.889545	0.941410	0.909210	0.922102	0.914326	0.999725	0.889414	0.999745	0.941410	0.999656	0.882895	0.999695	0.999686	0.999745	0.948862	0.871573	0.969451	0.871200	0.999563	0.948686	0.999692	0.947122	0.940554	0.922400	0.882895	0.871200	0.999701	0.999725	0.875339	0.889414	0.941368	0.999692	0.999596	0.914718	0.941410	0.961078	0.889676	0.999725	0.922102	0.923670	0.999695	0.999745	0.874379	0.999695	0.999754	0.999656	0.875166	0.884947	0.737498	0.922433	0.871573	0.871387	0.889348	0.952328	0.999695	0.999710	0.875598	0.999745	0.999599	0.999692	0.999745	0.875079	0.999584	0.999722	0.999754	0.871573	0.999701	0.912272	0.946920	0.875598	0.922433	0.884803	0.946865	0.915300	0.969451	0.999713	0.874291	0.933496	0.922400	0.922400	0.911941	0.909210	0.999695	0.915300	0.999745	0.918361	0.889545	0.999713	0.933496	0.874467
0.970422	0.900569	0.970732	0.975128	0.901454	0.970723	0.970732	0.996609	0.963851	0.970732	0.949176	1.000000	0.965489	0.970601	0.931288	0.970563	0.965938	0.970648	1.000000	0.896745	0.970685	0.912065	0.965489	0.896802	0.897028	0.930388	0.974604	0.948932	0.970657	0.900569	0.970732	0.899183	0.892600	0.931503	0.892228	0.949176	0.948932	0.970685	0.888148	0.970355	0.931395	0.931288	0.970732	0.904408	0.904408	0.928154	0.892600	0.978643	0.970629	0.985117	0.960598	0.970544	0.970714	0.908502	0.981913	0.970685	0.891223	0.970732	0.931503	0.996609	0.892041	0.978643	0.904408	0.974711	0.949176	0.896745	0.970657	0.965489	0.949176	0.960712	0.931503	0.970685	0.973544	0.970412	0.981913	0.970657	0.750941	0.908502	0.931288	0.949505	0.963851	0.978593	0.896231	0.970657	0.910723	0.928154	0.894952	0.890841	0.973544	0.974604	0.909865	0.997356	0.970403	0.931503	0.949505	0.930333	0.927893	0.896231	0.930333	0.928009	0.896231	0.949176	0.928241	0.931288	0.970638	0.909865	0.901454	0.957472	0.949522	0.970732	0.970657	0.949176	0.970412	0.927541	0.965445	0.931395	0.970685	0.970601	0.887742	0.949176	0.974711	0.897028	0.970732	0.970723	0.930333	0.896231	0.997356	0.974380	0.970685	0.970488	0.928009	0.910723	0.927541	0.970629	0.891979	0.934559	0.932720	0.970723	0.970685	0.904698	0.965489	0.920270	0.948932	0.930388	0.970685	0.904602	0.970732	0.965489	0.970516	0.905274	0.970685	0.970563	0.970732	0.974380	0.887742	0.996967	0.887401	0.970355	0.978593	0.970657	0.975128	0.965938	0.949176	0.905274	0.887401	0.970667	0.970685	0.892228	0.904602	0.965445	0.970714	0.970422	0.930333	0.965489	0.985117	0.893030	0.970685	0.948932	0.949522	0.970667	0.970732	0.894952	0.970685	0.970732	0.970516	0.892041	0.896745	0.750941	0.949176	0.887742	0.887674	0.904408	0.982401	0.970667	0.970657	0.892476	0.970732	0.970488	0.970657	0.970732	0.891979	0.970403	0.970723	0.970732	0.887742	0.970667	0.928241	0.960712	0.892476	0.949176	0.906452	0.960598	0.931234	0.996967	0.970629	0.890841	0.955530	0.949176	0.949176	0.927893	0.920270	0.970685	0.931234	0.970732	0.934559	0.904698	0.970629	0.955530	0.891223
