1.000000	0.895943	0.999870	0.943454	0.884296	0.999835	0.999870	0.967249	0.966616	0.999870	0.917852	0.969509	0.937942	0.999858	0.912436	0.999775	0.937104	0.999704	0.969509	0.883416	0.999811	0.886573	0.937942	0.883416	0.895245	0.912436	0.945950	0.917412	0.999811	0.895943	0.999870	0.876790	0.875770	0.912763	0.875426	0.917852	0.917412	0.999811	0.873310	0.999929	0.912763	0.912436	0.999870	0.884004	0.884004	0.909908	0.875770	0.946326	0.999835	0.960965	0.943934	0.999668	0.999835	0.887401	0.949418	0.999811	0.874730	0.999870	0.912763	0.967249	0.875426	0.946326	0.884004	0.943130	0.917852	0.892104	0.999835	0.937942	0.917852	0.944013	0.912763	0.999811	0.941474	0.999965	0.949418	0.999811	0.743254	0.887401	0.912436	0.917852	0.966616	0.946251	0.882820	0.999811	0.884296	0.909908	0.875770	0.874730	0.941474	0.945950	0.925370	0.968074	0.999988	0.912763	0.917852	0.912107	0.909386	0.882820	0.912107	0.897310	0.883119	0.917852	0.909560	0.912436	0.999846	0.925370	0.884296	0.923477	0.917852	0.999870	0.999811	0.917852	0.999965	0.910766	0.937942	0.912763	0.999858	0.999858	0.872949	0.917852	0.943130	0.895245	0.999870	0.999846	0.912107	0.883119	0.968074	0.945874	0.999811	0.999882	0.897310	0.884296	0.910766	0.999835	0.874730	0.915455	0.902425	0.999870	0.999811	0.884296	0.937942	0.904408	0.917412	0.912436	0.999858	0.884004	0.999870	0.937942	0.999953	0.880366	0.999811	0.999775	0.999870	0.945874	0.872586	0.968520	0.872586	0.999929	0.946251	0.999811	0.943454	0.937104	0.917852	0.880366	0.872586	0.999846	0.999858	0.875426	0.884004	0.937942	0.999835	1.000000	0.912107	0.937942	0.960965	0.887126	0.999858	0.917412	0.917852	0.999811	0.999870	0.875770	0.999811	0.999882	0.999953	0.875426	0.883416	0.743254	0.917852	0.872949	0.872949	0.884004	0.949349	0.999811	0.999835	0.875770	0.999870	0.999882	0.999811	0.999870	0.874730	0.999988	0.999835	0.999882	0.872586	0.999846	0.909560	0.944013	0.875770	0.917852	0.884586	0.943934	0.912926	0.968520	0.999835	0.874730	0.929945	0.917852	0.917852	0.909386	0.904408	0.999811	0.912926	0.999870	0.915455	0.884296	0.999835	0.929945	0.874730
0.895943	1.000000	0.897084	0.892104	0.919148	0.897084	0.897084	0.895943	0.875770	0.897084	0.883416	0.895245	0.865987	0.896858	0.872220	0.896631	0.885731	0.896858	0.895245	0.926469	0.896858	0.922301	0.865987	0.926589	0.888484	0.866399	0.897310	0.882520	0.897084	1.000000	0.897084	0.927893	0.906499	0.869195	0.906125	0.883416	0.882520	0.896858	0.904213	0.895943	0.872220	0.872220	0.897084	0.919992	0.919992	0.864732	0.906499	0.898200	0.896631	0.906869	0.900569	0.896858	0.897310	0.924497	0.897979	0.896858	0.905369	0.897084	0.869195	0.895943	0.906312	0.898200	0.919992	0.895711	0.883416	0.925247	0.897084	0.865987	0.883416	0.900569	0.869195	0.896858	0.885447	0.895943	0.897979	0.897084	0.726425	0.924497	0.872220	0.888484	0.875770	0.897979	0.926227	0.897084	0.934783	0.864732	0.885731	0.904987	0.885447	0.897310	0.849683	0.895943	0.895943	0.869195	0.888484	0.871480	0.864307	0.926227	0.871480	0.882820	0.926106	0.883416	0.864732	0.872220	0.896858	0.849683	0.919148	0.897979	0.888484	0.897084	0.897084	0.883416	0.895943	0.869195	0.865154	0.872220	0.897084	0.896858	0.904213	0.883416	0.895711	0.888484	0.897084	0.897084	0.871480	0.926106	0.895943	0.897084	0.896858	0.896173	0.882820	0.934783	0.869195	0.896631	0.905937	0.876112	0.887126	0.897084	0.896858	0.918863	0.865987	0.859395	0.882520	0.866399	0.897084	0.919572	0.897084	0.865987	0.896173	0.919148	0.896858	0.896631	0.897084	0.897084	0.904213	0.894300	0.903822	0.895943	0.897979	0.897084	0.892104	0.885731	0.883416	0.919148	0.903822	0.896858	0.897084	0.906125	0.919572	0.865154	0.897310	0.895943	0.871480	0.865987	0.906869	0.905937	0.897084	0.882520	0.888484	0.897084	0.897084	0.885731	0.896858	0.897084	0.896173	0.906312	0.926469	0.726425	0.883416	0.904213	0.903625	0.919992	0.897979	0.897084	0.897084	0.906499	0.897084	0.896173	0.897084	0.897084	0.905937	0.895943	0.897084	0.897084	0.904213	0.896858	0.864732	0.900569	0.906499	0.883416	0.904408	0.900569	0.872220	0.894300	0.896631	0.904987	0.877459	0.883416	0.883416	0.864307	0.859395	0.896858	0.872220	0.897084	0.876112	0.918863	0.896631	0.877459	0.905369
0.999870	0.897084	1.000000	0.943934	0.885731	0.999965	1.000000	0.967582	0.966871	1.000000	0.917706	0.969819	0.938492	0.999917	0.913088	0.999882	0.937665	0.999811	0.969819	0.884586	0.999941	0.887946	0.938492	0.884586	0.896173	0.912272	0.946475	0.917265	0.999941	0.897084	1.000000	0.878446	0.877125	0.913411	0.876790	0.917852	0.917265	0.999941	0.874730	0.999799	0.913411	0.913088	1.000000	0.885162	0.885162	0.910596	0.877125	0.946920	0.999965	0.961316	0.944408	0.999775	0.999965	0.888752	0.949967	0.999941	0.876112	1.000000	0.913411	0.967582	0.876790	0.946920	0.885162	0.943614	0.917706	0.893091	0.999965	0.938492	0.917706	0.944487	0.913411	0.999941	0.942061	0.999882	0.949967	0.999941	0.743254	0.888752	0.913088	0.918720	0.966871	0.946846	0.884004	0.999941	0.885447	0.910596	0.877125	0.876112	0.942061	0.946475	0.925862	0.968399	0.999858	0.913411	0.918720	0.912763	0.910081	0.884004	0.912763	0.898420	0.883711	0.917706	0.910253	0.913088	0.999976	0.925862	0.885731	0.924244	0.918720	1.000000	0.999941	0.917706	0.999882	0.911441	0.938492	0.913411	0.999988	0.999917	0.874379	0.917852	0.943614	0.896173	1.000000	0.999976	0.912763	0.883711	0.968399	0.946401	0.999941	0.999870	0.898420	0.885447	0.911441	0.999965	0.876112	0.916066	0.903427	1.000000	0.999941	0.885447	0.938492	0.905179	0.917265	0.912272	0.999988	0.885162	1.000000	0.938492	0.999917	0.881914	0.999941	0.999882	1.000000	0.946401	0.874025	0.968680	0.874025	0.999799	0.946846	0.999941	0.943934	0.937665	0.917706	0.881914	0.874025	0.999953	0.999988	0.876790	0.885162	0.938492	0.999965	0.999870	0.912763	0.938492	0.961316	0.887674	0.999988	0.917265	0.918720	0.999941	1.000000	0.877125	0.999941	0.999988	0.999917	0.876790	0.884586	0.743254	0.917706	0.874379	0.874379	0.885162	0.949899	0.999941	0.999965	0.877125	1.000000	0.999870	0.999941	1.000000	0.876112	0.999858	0.999965	0.999988	0.874025	0.999953	0.910253	0.944487	0.877125	0.917706	0.885731	0.944408	0.913571	0.968680	0.999965	0.876112	0.930498	0.917706	0.917706	0.910081	0.905179	0.999941	0.913571	1.000000	0.916066	0.885447	0.999965	0.930498	0.876112
0.943454	0.892104	0.943934	1.000000	0.895479	0.943934	0.943934	0.972659	0.938034	0.943934	0.939392	0.973527	0.973044	0.943614	0.932537	0.943614	0.971765	0.943694	0.973527	0.889807	0.943854	0.906312	0.973009	0.890067	0.900779	0.932747	0.970279	0.939124	0.943774	0.892104	0.943934	0.892104	0.889545	0.934183	0.889282	0.939392	0.939124	0.943854	0.886294	0.943373	0.932537	0.932537	0.943934	0.888484	0.888484	0.930167	0.889545	0.972729	0.943694	0.956054	0.967207	0.943534	0.943934	0.893820	0.987467	0.943854	0.889282	0.943934	0.934183	0.972659	0.889282	0.972729	0.888484	0.968919	0.939392	0.881608	0.943854	0.973009	0.939392	0.967207	0.934183	0.943854	0.979015	0.943454	0.987467	0.943774	0.761846	0.893820	0.932537	0.940098	0.938034	0.972659	0.889545	0.943774	0.900569	0.930167	0.887946	0.888752	0.979015	0.970279	0.914522	0.970919	0.943454	0.934183	0.940098	0.931904	0.929609	0.889545	0.931904	0.923088	0.889018	0.939392	0.930167	0.932537	0.943774	0.914522	0.895479	0.951240	0.940098	0.943934	0.943774	0.939392	0.943454	0.952152	0.973009	0.932537	0.943854	0.943614	0.886294	0.939392	0.968919	0.900779	0.943934	0.943934	0.931904	0.889018	0.970919	0.970203	0.943854	0.943534	0.923088	0.900569	0.952152	0.943694	0.889282	0.936441	0.927423	0.943934	0.943854	0.888752	0.973044	0.923862	0.939124	0.932747	0.943854	0.888484	0.943934	0.973044	0.943534	0.898420	0.943854	0.943614	0.943934	0.970203	0.886294	0.971253	0.886013	0.943373	0.972659	0.943774	1.000000	0.971765	0.939392	0.898420	0.886013	0.943854	0.943854	0.889282	0.888484	0.973009	0.943934	0.943454	0.931904	0.973044	0.956054	0.887126	0.943854	0.939124	0.940098	0.943934	0.943934	0.887946	0.943854	0.943934	0.943534	0.889282	0.889807	0.761846	0.939392	0.886294	0.886294	0.888484	0.986923	0.943934	0.943854	0.889545	0.943934	0.943534	0.943774	0.943934	0.889282	0.943454	0.943934	0.943934	0.886294	0.943854	0.930167	0.967207	0.889545	0.939392	0.900988	0.967207	0.932747	0.971253	0.943694	0.888752	0.960965	0.939392	0.939392	0.929609	0.923862	0.943854	0.932747	0.943934	0.936441	0.888752	0.943694	0.960965	0.889282
0.884296	0.919148	0.885731	0.895479	1.000000	0.885731	0.885731	0.899075	0.884004	0.885731	0.889018	0.897979	0.867616	0.885447	0.884296	0.885162	0.888752	0.885731	0.897979	0.993444	0.885447	0.948932	0.867616	0.993396	0.903625	0.880680	0.906684	0.888216	0.885731	0.919148	0.885731	0.991464	0.925123	0.881914	0.924998	0.889018	0.888216	0.885447	0.921634	0.884296	0.884586	0.884296	0.885731	0.956628	0.956628	0.878446	0.925123	0.900358	0.884875	0.954397	0.899506	0.885447	0.885731	0.960201	0.901196	0.885447	0.924623	0.885731	0.881914	0.899075	0.924873	0.900358	0.956628	0.897757	0.889018	0.880051	0.885731	0.867616	0.889018	0.899721	0.881914	0.885447	0.888484	0.884296	0.901196	0.885731	0.766918	0.960201	0.884296	0.891602	0.884004	0.900147	0.993412	0.885731	0.939303	0.878446	0.892600	0.923990	0.888484	0.906684	0.863879	0.897757	0.884296	0.881914	0.891602	0.884296	0.876790	0.993412	0.884296	0.888216	0.993153	0.889018	0.878119	0.884296	0.885447	0.863879	1.000000	0.899721	0.891602	0.885731	0.885731	0.889018	0.884296	0.879094	0.867213	0.884586	0.885731	0.885447	0.923477	0.889018	0.897757	0.903625	0.885731	0.885731	0.884296	0.993153	0.897757	0.906684	0.885447	0.884586	0.888216	0.939303	0.879094	0.884875	0.924748	0.888216	0.891350	0.885731	0.885447	0.955705	0.867616	0.870350	0.888216	0.880680	0.885731	0.955764	0.885731	0.867616	0.884586	0.930388	0.885447	0.885162	0.885731	0.906684	0.921229	0.897310	0.921229	0.884296	0.900147	0.885731	0.895479	0.888752	0.889018	0.930388	0.921229	0.885447	0.885731	0.924998	0.955764	0.867213	0.885731	0.884296	0.884296	0.867616	0.954397	0.882820	0.885731	0.888216	0.891602	0.885731	0.885731	0.892600	0.885447	0.885731	0.884586	0.924873	0.993444	0.766918	0.889018	0.923477	0.920957	0.956628	0.901196	0.885731	0.885731	0.925247	0.885731	0.884586	0.885731	0.885731	0.924748	0.884296	0.885731	0.885731	0.921229	0.885447	0.878119	0.899721	0.925247	0.889018	0.933879	0.899506	0.884586	0.897310	0.884875	0.923990	0.879094	0.889018	0.889018	0.876790	0.870350	0.885447	0.884586	0.885731	0.888216	0.955705	0.884875	0.879094	0.924623
0.999835	0.897084	0.999965	0.943934	0.885731	1.000000	0.999965	0.967582	0.966871	0.999965	0.917706	0.969819	0.938492	0.999882	0.913088	0.999846	0.937572	0.999775	0.969819	0.884586	0.999906	0.887946	0.938492	0.884586	0.896173	0.912272	0.946475	0.917265	0.999906	0.897084	0.999965	0.878446	0.877125	0.913411	0.876790	0.917706	0.917265	0.999906	0.874730	0.999763	0.913411	0.913088	0.999965	0.885162	0.885162	0.910596	0.877125	0.946846	0.999929	0.961266	0.944408	0.999739	0.999929	0.888752	0.949899	0.999906	0.876112	0.999965	0.913411	0.967582	0.876790	0.946846	0.885162	0.943614	0.917706	0.893091	0.999929	0.938492	0.917706	0.944487	0.913411	0.999906	0.942061	0.999846	0.949899	0.999906	0.743254	0.888752	0.913088	0.918720	0.966871	0.946772	0.884004	0.999906	0.885447	0.910596	0.877125	0.876112	0.942061	0.946475	0.925862	0.968359	0.999823	0.913411	0.918720	0.912763	0.910081	0.884004	0.912763	0.898420	0.883711	0.917706	0.910253	0.913088	0.999941	0.925862	0.885731	0.924244	0.918720	0.999965	0.999906	0.917706	0.999846	0.911441	0.938492	0.913411	0.999953	0.999882	0.874379	0.917706	0.943614	0.896173	0.999965	0.999941	0.912763	0.883711	0.968359	0.946401	0.999906	0.999835	0.898420	0.885447	0.911441	0.999929	0.876112	0.916066	0.903427	0.999965	0.999906	0.885447	0.938492	0.905179	0.917265	0.912272	0.999953	0.885162	0.999965	0.938492	0.999882	0.881914	0.999906	0.999846	0.999965	0.946401	0.874025	0.968680	0.874025	0.999763	0.946772	0.999906	0.943934	0.937572	0.917706	0.881914	0.874025	0.999917	0.999953	0.876790	0.885162	0.938492	0.999929	0.999835	0.912763	0.938492	0.961266	0.887674	0.999953	0.917265	0.918720	0.999906	0.999965	0.877125	0.999906	0.999953	0.999882	0.876790	0.884586	0.743254	0.917706	0.874379	0.874379	0.885162	0.949831	0.999906	0.999929	0.877125	0.999965	0.999835	0.999906	0.999965	0.876112	0.999823	1.000000	0.999953	0.874025	0.999917	0.910253	0.944487	0.877125	0.917706	0.885731	0.944408	0.913571	0.968680	0.999929	0.876112	0.930498	0.917706	0.917706	0.910081	0.905179	0.999906	0.913571	0.999965	0.916066	0.885447	0.999929	0.930498	0.876112
0.999870	0.897084	1.000000	0.943934	0.885731	0.999965	1.000000	0.967582	0.966871	1.000000	0.917706	0.969819	0.938492	0.999917	0.913088	0.999882	0.937665	0.999811	0.969819	0.884586	0.999941	0.887946	0.938492	0.884586	0.896173	0.912272	0.946475	0.917265	0.999941	0.897084	1.000000	0.878446	0.877125	0.913411	0.876790	0.917852	0.917265	0.999941	0.874730	0.999799	0.913411	0.913088	1.000000	0.885162	0.885162	0.910596	0.877125	0.946920	0.999965	0.961316	0.944408	0.999775	0.999965	0.888752	0.949967	0.999941	0.876112	1.000000	0.913411	0.967582	0.876790	0.946920	0.885162	0.943614	0.917706	0.893091	0.999965	0.938492	0.917706	0.944487	0.913411	0.999941	0.942061	0.999882	0.949967	0.999941	0.743254	0.888752	0.913088	0.918720	0.966871	0.946846	0.884004	0.999941	0.885447	0.910596	0.877125	0.876112	0.942061	0.946475	0.925862	0.968399	0.999858	0.913411	0.918720	0.912763	0.910081	0.884004	0.912763	0.898420	0.883711	0.917706	0.910253	0.913088	0.999976	0.925862	0.885731	0.924244	0.918720	1.000000	0.999941	0.917706	0.999882	0.911441	0.938492	0.913411	0.999988	0.999917	0.874379	0.917852	0.943614	0.896173	1.000000	0.999976	0.912763	0.883711	0.968399	0.946401	0.999941	0.999870	0.898420	0.885447	0.911441	0.999965	0.876112	0.916066	0.903427	1.000000	0.999941	0.885447	0.938492	0.905179	0.917265	0.912272	0.999988	0.885162	1.000000	0.938492	0.999917	0.881914	0.999941	0.999882	1.000000	0.946401	0.874025	0.968680	0.874025	0.999799	0.946846	0.999941	0.943934	0.937665	0.917706	0.881914	0.874025	0.999953	0.999988	0.876790	0.885162	0.938492	0.999965	0.999870	0.912763	0.938492	0.961316	0.887674	0.999988	0.917265	0.918720	0.999941	1.000000	0.877125	0.999941	0.999988	0.999917	0.876790	0.884586	0.743254	0.917706	0.874379	0.874379	0.885162	0.949899	0.999941	0.999965	0.877125	1.000000	0.999870	0.999941	1.000000	0.876112	0.999858	0.999965	0.999988	0.874025	0.999953	0.910253	0.944487	0.877125	0.917706	0.885731	0.944408	0.913571	0.968680	0.999965	0.876112	0.930498	0.917706	0.917706	0.910081	0.905179	0.999941	0.913571	1.000000	0.916066	0.885447	0.999965	0.930498	0.876112
0.967249	0.895943	0.967582	0.972659	0.899075	0.967582	0.967582	1.000000	0.967039	0.967582	0.946251	0.996668	0.962396	0.967457	0.927305	0.967374	0.960763	0.967499	0.996668	0.894538	0.967540	0.910253	0.962202	0.894538	0.902222	0.927776	0.972054	0.946025	0.967499	0.895943	0.967582	0.895943	0.891854	0.929158	0.891350	0.946401	0.946025	0.967540	0.889545	0.967123	0.927541	0.927305	0.967582	0.899721	0.899721	0.924497	0.891854	0.974735	0.967457	0.982155	0.956514	0.967416	0.967540	0.903029	0.978237	0.967540	0.890584	0.967582	0.929158	1.000000	0.891350	0.974735	0.899721	0.970845	0.946251	0.892352	0.967540	0.962202	0.946251	0.956571	0.929158	0.967540	0.968480	0.967249	0.978237	0.967499	0.766918	0.903029	0.927305	0.947578	0.967039	0.974637	0.894060	0.967499	0.905369	0.924497	0.892352	0.890584	0.968480	0.972054	0.909560	0.996473	0.967249	0.929158	0.947578	0.927068	0.923862	0.894060	0.927068	0.926106	0.893820	0.946251	0.924497	0.927305	0.967540	0.909560	0.899075	0.955996	0.947578	0.967582	0.967499	0.946251	0.967249	0.924244	0.962299	0.927541	0.967540	0.967457	0.888752	0.946401	0.970845	0.902222	0.967582	0.967582	0.927068	0.893820	0.996473	0.971910	0.967540	0.967333	0.926106	0.905369	0.924244	0.967457	0.891350	0.932010	0.932116	0.967582	0.967540	0.900147	0.962396	0.918433	0.946025	0.927776	0.967540	0.899721	0.967582	0.962396	0.967333	0.900988	0.967540	0.967374	0.967582	0.971910	0.888752	0.994572	0.888216	0.967123	0.974637	0.967499	0.972659	0.960763	0.946251	0.900988	0.888216	0.967540	0.967540	0.891350	0.899721	0.962299	0.967540	0.967249	0.927068	0.962396	0.982155	0.890841	0.967540	0.946025	0.947578	0.967582	0.967582	0.892352	0.967540	0.967582	0.967333	0.891350	0.894538	0.766918	0.946326	0.888752	0.888752	0.899721	0.978091	0.967582	0.967540	0.891602	0.967582	0.967333	0.967499	0.967582	0.891350	0.967249	0.967582	0.967582	0.888752	0.967540	0.924497	0.956571	0.891602	0.946326	0.904795	0.956514	0.927541	0.994572	0.967457	0.890584	0.949762	0.946251	0.946251	0.923862	0.918433	0.967540	0.927541	0.967582	0.932010	0.900147	0.967457	0.949762	0.890584
0.966616	0.875770	0.966871	0.938034	0.884004	0.966871	0.966871	0.967039	1.000000	0.966871	0.910596	0.963770	0.925370	0.966701	0.905937	0.966701	0.928241	0.966616	0.963770	0.881608	0.966871	0.887946	0.925247	0.881914	0.901814	0.904213	0.939034	0.910081	0.966786	0.875770	0.966871	0.877459	0.877125	0.905179	0.876790	0.910596	0.910081	0.966871	0.874379	0.966616	0.905937	0.905937	0.966871	0.913571	0.913571	0.902627	0.877125	0.937758	0.966744	0.958836	0.944877	0.966573	0.966828	0.916669	0.940619	0.966871	0.876452	0.966871	0.905179	0.967039	0.876452	0.937758	0.913571	0.934684	0.910596	0.877125	0.966828	0.925247	0.910596	0.944955	0.905179	0.966871	0.931904	0.966573	0.940619	0.966786	0.750135	0.916669	0.905937	0.912107	1.000000	0.937665	0.880991	0.966786	0.883711	0.902627	0.876452	0.876452	0.931904	0.939034	0.960763	0.963349	0.966616	0.905179	0.912107	0.905369	0.901814	0.880991	0.905369	0.888216	0.880680	0.910596	0.902425	0.905937	0.966871	0.960763	0.884004	0.923347	0.912107	0.966871	0.966786	0.910596	0.966573	0.902425	0.925247	0.905937	0.966828	0.966701	0.874379	0.910596	0.934684	0.901814	0.966871	0.966828	0.905369	0.880680	0.963349	0.938854	0.966871	0.966658	0.888216	0.883711	0.902425	0.966744	0.876790	0.908323	0.941642	0.966871	0.966871	0.913731	0.925370	0.945109	0.910081	0.904213	0.966828	0.913571	0.966871	0.925370	0.966616	0.882218	0.966871	0.966701	0.966871	0.938854	0.874025	0.962251	0.873669	0.966616	0.937665	0.966786	0.938034	0.928241	0.910596	0.882218	0.873669	0.966744	0.966828	0.876790	0.913571	0.925247	0.966828	0.966616	0.905369	0.925370	0.958836	0.874025	0.966828	0.910081	0.912107	0.966871	0.966871	0.876452	0.966871	0.966828	0.966616	0.876452	0.881608	0.750135	0.910596	0.874379	0.873310	0.913571	0.940359	0.966871	0.966828	0.877459	0.966871	0.966658	0.966786	0.966871	0.876790	0.966616	0.966871	0.966828	0.874025	0.966744	0.902425	0.944955	0.877459	0.910596	0.886573	0.944877	0.905937	0.962251	0.966744	0.876452	0.921364	0.910596	0.910596	0.901814	0.945109	0.966871	0.905937	0.966871	0.908323	0.913731	0.966744	0.921364	0.876452
0.999870	0.897084	1.000000	0.943934	0.885731	0.999965	1.000000	0.967582	0.966871	1.000000	0.917706	0.969819	0.938492	0.999917	0.913088	0.999882	0.937665	0.999811	0.969819	0.884586	0.999941	0.887946	0.938492	0.884586	0.896173	0.912272	0.946475	0.917265	0.999941	0.897084	1.000000	0.878446	0.877125	0.913411	0.876790	0.917852	0.917265	0.999941	0.874730	0.999799	0.913411	0.913088	1.000000	0.885162	0.885162	0.910596	0.877125	0.946920	0.999965	0.961316	0.944408	0.999775	0.999965	0.888752	0.949967	0.999941	0.876112	1.000000	0.913411	0.967582	0.876790	0.946920	0.885162	0.943614	0.917706	0.893091	0.999965	0.938492	0.917706	0.944487	0.913411	0.999941	0.942061	0.999882	0.949967	0.999941	0.743254	0.888752	0.913088	0.918720	0.966871	0.946846	0.884004	0.999941	0.885447	0.910596	0.877125	0.876112	0.942061	0.946475	0.925862	0.968399	0.999858	0.913411	0.918720	0.912763	0.910081	0.884004	0.912763	0.898420	0.883711	0.917706	0.910253	0.913088	0.999976	0.925862	0.885731	0.924244	0.918720	1.000000	0.999941	0.917706	0.999882	0.911441	0.938492	0.913411	0.999988	0.999917	0.874379	0.917852	0.943614	0.896173	1.000000	0.999976	0.912763	0.883711	0.968399	0.946401	0.999941	0.999870	0.898420	0.885447	0.911441	0.999965	0.876112	0.916066	0.903427	1.000000	0.999941	0.885447	0.938492	0.905179	0.917265	0.912272	0.999988	0.885162	1.000000	0.938492	0.999917	0.881914	0.999941	0.999882	1.000000	0.946401	0.874025	0.968680	0.874025	0.999799	0.946846	0.999941	0.943934	0.937665	0.917706	0.881914	0.874025	0.999953	0.999988	0.876790	0.885162	0.938492	0.999965	0.999870	0.912763	0.938492	0.961316	0.887674	0.999988	0.917265	0.918720	0.999941	1.000000	0.877125	0.999941	0.999988	0.999917	0.876790	0.884586	0.743254	0.917706	0.874379	0.874379	0.885162	0.949899	0.999941	0.999965	0.877125	1.000000	0.999870	0.999941	1.000000	0.876112	0.999858	0.999965	0.999988	0.874025	0.999953	0.910253	0.944487	0.877125	0.917706	0.885731	0.944408	0.913571	0.968680	0.999965	0.876112	0.930498	0.917706	0.917706	0.910081	0.905179	0.999941	0.913571	1.000000	0.916066	0.885447	0.999965	0.930498	0.876112
0.917852	0.883416	0.917706	0.939392	0.889018	0.917706	0.917706	0.946251	0.910596	0.917706	1.000000	0.945570	0.929384	0.917412	0.905560	0.917116	0.932747	0.917412	0.945570	0.883711	0.917559	0.900358	0.929497	0.883711	0.865154	0.905560	0.945109	0.999953	0.917412	0.883416	0.917706	0.885162	0.882520	0.905560	0.882520	0.999941	0.999953	0.917559	0.878771	0.917852	0.905937	0.905560	0.917706	0.910424	0.910424	0.901403	0.882520	0.948082	0.917265	0.926106	0.925617	0.917116	0.917706	0.914522	0.945417	0.917559	0.880991	0.917706	0.905560	0.946251	0.882218	0.948082	0.910424	0.941558	0.999953	0.899934	0.917559	0.929497	0.999953	0.925740	0.905560	0.917559	0.937942	0.917852	0.945417	0.917412	0.787174	0.914522	0.905560	0.995805	0.910596	0.948011	0.883119	0.917412	0.892846	0.901403	0.882820	0.880991	0.937942	0.945109	0.917706	0.945798	0.917852	0.905560	0.995805	0.905749	0.900358	0.883119	0.905749	0.915300	0.883711	1.000000	0.901403	0.905560	0.917559	0.917706	0.889018	0.948438	0.995891	0.917706	0.917412	0.999953	0.917852	0.902425	0.929271	0.905937	0.917559	0.917412	0.878771	0.999941	0.941558	0.865154	0.917706	0.917706	0.905749	0.883711	0.945798	0.945032	0.917559	0.917706	0.915300	0.892846	0.902425	0.917265	0.882218	0.909560	0.921499	0.917706	0.917559	0.910936	0.929384	0.896858	0.999953	0.905560	0.917559	0.910596	0.917706	0.929384	0.917852	0.890327	0.917559	0.917116	0.917706	0.945032	0.878771	0.944251	0.878446	0.917852	0.948011	0.917412	0.939392	0.932747	0.999953	0.890327	0.878446	0.917559	0.917559	0.882520	0.910596	0.929271	0.917706	0.917852	0.905749	0.929384	0.926106	0.891602	0.917559	0.999953	0.995891	0.917706	0.917706	0.882820	0.917559	0.917706	0.917852	0.882218	0.883711	0.787174	0.999965	0.878771	0.877790	0.910424	0.945798	0.917706	0.917559	0.882520	0.917706	0.917706	0.917412	0.917706	0.882218	0.917852	0.917706	0.917706	0.878771	0.917559	0.901403	0.925740	0.882520	0.999965	0.893091	0.925617	0.905937	0.944251	0.917265	0.880991	0.921229	0.999953	0.999953	0.900358	0.896858	0.917559	0.905937	0.917706	0.909560	0.910936	0.917265	0.921229	0.880991
0.969509	0.895245	0.969819	0.973527	0.897979	0.969819	0.969819	0.996668	0.963770	0.969819	0.945570	1.000000	0.964047	0.969703	0.927776	0.969626	0.964776	0.969742	1.000000	0.893820	0.969819	0.909210	0.963955	0.893820	0.899506	0.927776	0.973561	0.945340	0.969742	0.895245	0.969819	0.895245	0.891602	0.929384	0.890841	0.945722	0.945340	0.969819	0.889018	0.969353	0.927893	0.927776	0.969819	0.899075	0.899075	0.924998	0.891602	0.978091	0.969703	0.984969	0.959420	0.969626	0.969858	0.902627	0.981643	0.969819	0.890327	0.969819	0.929384	0.996668	0.890841	0.978091	0.899075	0.974070	0.945646	0.891350	0.969781	0.963955	0.945646	0.959473	0.929384	0.969819	0.972729	0.969509	0.981643	0.969742	0.756286	0.902627	0.927893	0.947287	0.963770	0.978003	0.893335	0.969742	0.905369	0.924998	0.892104	0.890067	0.972729	0.973561	0.909560	0.997496	0.969548	0.929384	0.947287	0.927423	0.924497	0.893335	0.927423	0.925862	0.893091	0.945570	0.924998	0.927893	0.969742	0.909560	0.897979	0.955530	0.947141	0.969819	0.969742	0.945646	0.969509	0.925984	0.964047	0.927893	0.969781	0.969703	0.888216	0.945722	0.974070	0.899506	0.969819	0.969819	0.927423	0.893091	0.997496	0.973390	0.969819	0.969587	0.925862	0.905369	0.925984	0.969703	0.890841	0.932116	0.931476	0.969819	0.969819	0.899506	0.964047	0.918720	0.945340	0.927776	0.969781	0.899075	0.969819	0.964047	0.969587	0.900358	0.969819	0.969626	0.969819	0.973390	0.888216	0.996957	0.887674	0.969353	0.978003	0.969742	0.973527	0.964776	0.945646	0.900358	0.887674	0.969781	0.969781	0.890841	0.899075	0.964047	0.969858	0.969509	0.927423	0.964047	0.984969	0.889807	0.969781	0.945340	0.947141	0.969819	0.969819	0.892104	0.969819	0.969819	0.969587	0.890841	0.893820	0.756286	0.945722	0.888216	0.888216	0.899075	0.981720	0.969819	0.969781	0.891350	0.969819	0.969587	0.969742	0.969819	0.890841	0.969548	0.969819	0.969819	0.888216	0.969781	0.924998	0.959473	0.891350	0.945722	0.904213	0.959420	0.928126	0.996957	0.969703	0.890067	0.953910	0.945646	0.945646	0.924497	0.918720	0.969819	0.928126	0.969819	0.932116	0.899506	0.969703	0.953910	0.890327
0.937942	0.865987	0.938492	0.973044	0.867616	0.938492	0.938492	0.962396	0.925370	0.938492	0.929384	0.964047	1.000000	0.938218	0.946475	0.938401	0.971801	0.938126	0.964047	0.865154	0.938492	0.885447	0.999906	0.865154	0.890067	0.928931	0.966616	0.929721	0.938401	0.865987	0.938492	0.867616	0.868015	0.930717	0.868015	0.929721	0.929721	0.938492	0.865572	0.937850	0.946550	0.946475	0.938492	0.863447	0.863447	0.946846	0.868015	0.969275	0.938492	0.945340	0.961316	0.938218	0.938492	0.868805	0.981720	0.938492	0.867616	0.938492	0.930717	0.962396	0.868015	0.969275	0.863447	0.965134	0.929497	0.855011	0.938401	0.999906	0.929497	0.961316	0.930717	0.938492	0.994542	0.937942	0.981720	0.938401	0.756286	0.868805	0.946475	0.931583	0.925370	0.969353	0.865154	0.938401	0.874025	0.946846	0.860322	0.867616	0.994542	0.966616	0.909034	0.962056	0.937942	0.930717	0.931583	0.945109	0.946624	0.865154	0.945109	0.939481	0.863879	0.929384	0.946772	0.946475	0.938401	0.909034	0.867616	0.943049	0.931583	0.938492	0.938401	0.929497	0.937942	0.942228	0.999858	0.946550	0.938401	0.938218	0.864307	0.929721	0.965134	0.890067	0.938492	0.938492	0.945109	0.863879	0.962056	0.966488	0.938492	0.938126	0.939481	0.874025	0.942228	0.938492	0.867616	0.930167	0.914835	0.938492	0.938492	0.863879	1.000000	0.938401	0.929721	0.928931	0.938401	0.863447	0.938492	1.000000	0.938034	0.872949	0.938492	0.938401	0.938492	0.966488	0.864307	0.962056	0.864307	0.937850	0.969353	0.938401	0.973044	0.971801	0.929497	0.872949	0.864307	0.938492	0.938401	0.868015	0.863447	0.999858	0.938492	0.937942	0.945109	1.000000	0.945340	0.861684	0.938401	0.929721	0.931583	0.938492	0.938492	0.860322	0.938492	0.938492	0.938034	0.868015	0.865154	0.756286	0.929609	0.864307	0.865154	0.863447	0.985015	0.938492	0.938401	0.868015	0.938492	0.938126	0.938401	0.938492	0.867616	0.937942	0.938492	0.938492	0.864307	0.938492	0.946772	0.961316	0.868015	0.929609	0.881608	0.961316	0.946326	0.962056	0.938492	0.867616	0.960712	0.929497	0.929497	0.946624	0.938401	0.938492	0.946326	0.938492	0.930167	0.863879	0.938492	0.960712	0.867616
0.999858	0.896858	0.999917	0.943614	0.885447	0.999882	0.999917	0.967457	0.966701	0.999917	0.917412	0.969703	0.938218	1.000000	0.912763	0.999823	0.937479	0.999751	0.969703	0.884296	0.999858	0.887674	0.938218	0.884296	0.895943	0.912272	0.946326	0.916968	0.999858	0.896858	0.999917	0.878119	0.876790	0.913250	0.876112	0.917559	0.916968	0.999858	0.874025	0.999787	0.913088	0.912763	0.999917	0.884875	0.884875	0.910253	0.876790	0.946624	0.999882	0.961066	0.944330	0.999716	0.999882	0.888484	0.949694	0.999858	0.875770	0.999917	0.913250	0.967457	0.876112	0.946624	0.884875	0.943373	0.917412	0.892846	0.999882	0.938218	0.917412	0.944408	0.913250	0.999858	0.941894	0.999870	0.949694	0.999858	0.743254	0.888484	0.912926	0.918433	0.966701	0.946550	0.883711	0.999858	0.885447	0.910253	0.876790	0.875770	0.941894	0.946326	0.925740	0.968237	0.999846	0.913250	0.918433	0.912436	0.909908	0.883711	0.912436	0.898200	0.883416	0.917412	0.910081	0.912926	0.999894	0.925740	0.885447	0.923990	0.918433	0.999917	0.999858	0.917412	0.999870	0.911273	0.938218	0.913088	0.999906	1.000000	0.873669	0.917559	0.943373	0.895943	0.999917	0.999894	0.912436	0.883416	0.968237	0.946251	0.999858	0.999929	0.898200	0.885447	0.911273	0.999882	0.875770	0.915914	0.903228	0.999917	0.999858	0.884875	0.938218	0.904987	0.916968	0.912272	0.999906	0.884875	0.999917	0.938218	0.999906	0.881608	0.999858	0.999823	0.999917	0.946251	0.873669	0.968840	0.873669	0.999787	0.946550	0.999858	0.943614	0.937479	0.917412	0.881608	0.873669	0.999894	0.999906	0.876112	0.884875	0.938218	0.999882	0.999858	0.912436	0.938218	0.961066	0.887674	0.999906	0.916968	0.918433	0.999858	0.999917	0.876790	0.999858	0.999929	0.999906	0.876112	0.884296	0.743254	0.917559	0.873669	0.874025	0.884875	0.949625	0.999858	0.999882	0.876790	0.999917	0.999929	0.999858	0.999917	0.875770	0.999846	0.999882	0.999929	0.873669	0.999894	0.910081	0.944408	0.876790	0.917559	0.885447	0.944330	0.913411	0.968840	0.999882	0.875770	0.930277	0.917412	0.917412	0.909908	0.904987	0.999858	0.913411	0.999917	0.915914	0.884875	0.999882	0.930277	0.875770
0.912436	0.872220	0.913088	0.932537	0.884296	0.913088	0.913088	0.927305	0.905937	0.913088	0.905560	0.927776	0.946475	0.912763	1.000000	0.912763	0.929497	0.912926	0.927776	0.880680	0.913250	0.889282	0.946475	0.880991	0.892104	0.996134	0.939746	0.905369	0.912763	0.872220	0.913088	0.875770	0.941304	0.996459	0.941304	0.905560	0.905369	0.913250	0.938218	0.912436	0.999716	1.000000	0.913088	0.873310	0.873310	0.999147	0.941304	0.936536	0.912926	0.912272	0.923218	0.912763	0.913088	0.876112	0.936536	0.913250	0.940446	0.913088	0.996459	0.927305	0.940532	0.936536	0.873310	0.932851	0.905560	0.866808	0.912926	0.946475	0.905560	0.923088	0.996459	0.913250	0.952152	0.912436	0.936536	0.912763	0.759133	0.876112	0.999976	0.909034	0.905937	0.936441	0.880991	0.912763	0.881300	0.999147	0.872586	0.941049	0.952152	0.939746	0.979354	0.927068	0.912436	0.996459	0.909034	0.999048	0.999183	0.880991	0.999048	0.955996	0.879734	0.905560	0.999060	0.999976	0.912926	0.979354	0.884296	0.913731	0.909034	0.913088	0.912763	0.905560	0.912436	0.995160	0.946401	0.999716	0.912926	0.912763	0.939124	0.905560	0.932851	0.892104	0.913088	0.913088	0.999048	0.879734	0.927068	0.939569	0.913250	0.912600	0.955996	0.881300	0.995160	0.912926	0.942393	0.997215	0.963723	0.913088	0.913250	0.873310	0.946475	0.992189	0.905369	0.996134	0.912926	0.873310	0.913088	0.946475	0.912600	0.879094	0.913250	0.912763	0.913088	0.939569	0.939922	0.926829	0.938034	0.912436	0.936441	0.912763	0.932537	0.929497	0.905560	0.879094	0.938034	0.912926	0.912926	0.941304	0.873310	0.946401	0.913088	0.912436	0.999048	0.946475	0.912272	0.870729	0.912926	0.905369	0.909034	0.913088	0.913088	0.872586	0.913250	0.913088	0.912600	0.940532	0.880680	0.759133	0.905560	0.939124	0.939569	0.873310	0.939392	0.913088	0.912926	0.941049	0.913088	0.912600	0.912763	0.913088	0.942393	0.912436	0.913088	0.913088	0.939922	0.912926	0.999060	0.923088	0.941049	0.905560	0.933162	0.923218	0.999668	0.926829	0.912926	0.941049	0.922827	0.905560	0.905560	0.999183	0.992189	0.913250	0.999668	0.913088	0.997215	0.873310	0.912926	0.922827	0.940446
0.999775	0.896631	0.999882	0.943614	0.885162	0.999846	0.999882	0.967374	0.966701	0.999882	0.917116	0.969626	0.938401	0.999823	0.912763	1.000000	0.937292	0.999763	0.969626	0.884296	0.999823	0.887401	0.938401	0.884296	0.895943	0.912272	0.946251	0.916669	0.999823	0.896631	0.999882	0.878119	0.876790	0.913411	0.876112	0.917265	0.916669	0.999823	0.874025	0.999704	0.913088	0.912763	0.999882	0.884875	0.884875	0.910596	0.876790	0.946550	0.999894	0.960965	0.944251	0.999680	0.999846	0.888484	0.949625	0.999823	0.875770	0.999882	0.913411	0.967374	0.876112	0.946550	0.884875	0.943292	0.917116	0.892846	0.999846	0.938401	0.917116	0.944330	0.913411	0.999823	0.941978	0.999787	0.949625	0.999823	0.743254	0.888484	0.912926	0.918288	0.966701	0.946550	0.883711	0.999823	0.884875	0.910596	0.876790	0.875770	0.941978	0.946251	0.925862	0.968197	0.999763	0.913411	0.918288	0.912436	0.910081	0.883711	0.912436	0.898200	0.883416	0.917116	0.910253	0.912926	0.999882	0.925862	0.885162	0.923862	0.918143	0.999882	0.999823	0.917116	0.999787	0.911441	0.938401	0.913088	0.999870	0.999823	0.873669	0.917265	0.943292	0.895943	0.999882	0.999858	0.912436	0.883416	0.968197	0.946176	0.999823	0.999775	0.898200	0.884875	0.911441	0.999894	0.875770	0.915914	0.903029	0.999882	0.999823	0.884875	0.938401	0.905179	0.916669	0.912272	0.999870	0.884875	0.999882	0.938401	0.999823	0.881608	0.999823	1.000000	0.999882	0.946176	0.873669	0.968520	0.873669	0.999704	0.946550	0.999823	0.943614	0.937292	0.917116	0.881608	0.873669	0.999858	0.999870	0.876112	0.884875	0.938401	0.999846	0.999775	0.912436	0.938401	0.960965	0.887401	0.999870	0.916669	0.918143	0.999823	0.999882	0.876790	0.999823	0.999894	0.999823	0.876112	0.884296	0.743254	0.917116	0.873669	0.874025	0.884875	0.949557	0.999823	0.999846	0.876790	0.999882	0.999775	0.999823	0.999882	0.875770	0.999763	0.999846	0.999894	0.873669	0.999858	0.910253	0.944330	0.876790	0.917116	0.885731	0.944251	0.913411	0.968520	0.999894	0.875770	0.930388	0.917116	0.917116	0.910081	0.905179	0.999823	0.913411	0.999882	0.915914	0.884875	0.999894	0.930388	0.875770
0.937104	0.885731	0.937665	0.971765	0.888752	0.937572	0.937665	0.960763	0.928241	0.937665	0.932747	0.964776	0.971801	0.937479	0.929497	0.937292	1.000000	0.937479	0.964776	0.883711	0.937572	0.899721	0.971765	0.883711	0.897310	0.928817	0.964504	0.932432	0.937479	0.885731	0.937665	0.885731	0.884875	0.930167	0.884875	0.932747	0.932432	0.937572	0.882820	0.937104	0.929609	0.929497	0.937665	0.883711	0.883711	0.926469	0.884875	0.968600	0.937385	0.948721	0.962299	0.937479	0.937572	0.887126	0.979827	0.937572	0.884296	0.937665	0.930167	0.960763	0.884586	0.968600	0.883711	0.965045	0.932747	0.876790	0.937572	0.971765	0.932747	0.962348	0.930167	0.937572	0.977707	0.937010	0.979827	0.937479	0.735446	0.887126	0.929497	0.934484	0.928241	0.968520	0.883119	0.937479	0.895245	0.926469	0.882820	0.884296	0.977707	0.964504	0.910081	0.962348	0.937104	0.930167	0.934484	0.928931	0.926710	0.883119	0.928931	0.915608	0.882820	0.932747	0.926469	0.929497	0.937479	0.910081	0.888752	0.944721	0.934484	0.937665	0.937479	0.932747	0.937010	0.927187	0.971801	0.929609	0.937572	0.937479	0.882520	0.932747	0.965045	0.897310	0.937665	0.937572	0.928931	0.882820	0.962348	0.964459	0.937572	0.937198	0.915608	0.895245	0.927187	0.937385	0.884875	0.932955	0.920270	0.937665	0.937572	0.884004	0.971801	0.920683	0.932432	0.928817	0.937572	0.883711	0.937665	0.971801	0.937104	0.891602	0.937572	0.937292	0.937665	0.964459	0.882520	0.962444	0.882520	0.937104	0.968520	0.937479	0.971765	1.000000	0.932747	0.891602	0.882520	0.937479	0.937572	0.884875	0.883711	0.971801	0.937572	0.937104	0.928931	0.971801	0.948721	0.881914	0.937572	0.932432	0.934484	0.937665	0.937665	0.882820	0.937572	0.937572	0.937104	0.884586	0.883711	0.735446	0.932747	0.882520	0.882820	0.883711	0.982683	0.937665	0.937572	0.884875	0.937665	0.937198	0.937479	0.937665	0.884875	0.937104	0.937572	0.937572	0.882520	0.937479	0.926469	0.962348	0.884875	0.932747	0.894538	0.962299	0.929721	0.962444	0.937385	0.884296	0.985733	0.932747	0.932747	0.926710	0.920683	0.937572	0.929721	0.937665	0.932955	0.884004	0.937385	0.985733	0.884296
0.999704	0.896858	0.999811	0.943694	0.885731	0.999775	0.999811	0.967499	0.966616	0.999811	0.917412	0.969742	0.938126	0.999751	0.912926	0.999763	0.937479	1.000000	0.969742	0.884586	0.999751	0.887946	0.938126	0.884586	0.895943	0.912272	0.946475	0.916968	0.999751	0.896858	0.999811	0.878446	0.876452	0.913250	0.876112	0.917559	0.916968	0.999751	0.874379	0.999632	0.913250	0.912926	0.999811	0.885162	0.885162	0.910424	0.876452	0.946698	0.999775	0.961116	0.944330	0.999704	0.999775	0.888752	0.949762	0.999751	0.875770	0.999811	0.913250	0.967499	0.876112	0.946698	0.885162	0.943454	0.917412	0.892846	0.999775	0.938126	0.917412	0.944330	0.913250	0.999751	0.941978	0.999716	0.949762	0.999751	0.743254	0.888752	0.912926	0.918577	0.966616	0.946624	0.884004	0.999751	0.885162	0.910424	0.877125	0.875770	0.941978	0.946475	0.925862	0.968278	0.999692	0.913250	0.918577	0.912600	0.909908	0.884004	0.912600	0.898420	0.883711	0.917412	0.910253	0.912926	0.999787	0.925862	0.885731	0.924244	0.918577	0.999811	0.999751	0.917412	0.999716	0.911608	0.938126	0.913250	0.999799	0.999751	0.874025	0.917559	0.943454	0.895943	0.999811	0.999787	0.912600	0.883711	0.968278	0.946326	0.999751	0.999704	0.898420	0.885162	0.911608	0.999775	0.875770	0.916066	0.903427	0.999811	0.999751	0.885162	0.938126	0.905179	0.916968	0.912272	0.999799	0.885162	0.999811	0.938126	0.999751	0.881608	0.999751	0.999763	0.999811	0.946326	0.874025	0.968600	0.874025	0.999632	0.946624	0.999751	0.943694	0.937479	0.917412	0.881608	0.874025	0.999787	0.999799	0.876112	0.885162	0.938126	0.999775	0.999704	0.912600	0.938126	0.961116	0.887674	0.999799	0.916968	0.918577	0.999751	0.999811	0.877125	0.999751	0.999823	0.999751	0.876112	0.884586	0.743254	0.917559	0.874025	0.874025	0.885162	0.949694	0.999751	0.999775	0.876452	0.999811	0.999704	0.999751	0.999811	0.875770	0.999692	0.999775	0.999823	0.874025	0.999787	0.910253	0.944330	0.876452	0.917559	0.885447	0.944330	0.913411	0.968600	0.999775	0.875770	0.930277	0.917412	0.917412	0.909908	0.905179	0.999751	0.913411	0.999811	0.916066	0.885162	0.999775	0.930277	0.875770
0.969509	0.895245	0.969819	0.973527	0.897979	0.969819	0.969819	0.996668	0.963770	0.969819	0.945570	1.000000	0.964047	0.969703	0.927776	0.969626	0.964776	0.969742	1.000000	0.893820	0.969819	0.909210	0.963955	0.893820	0.899506	0.927776	0.973561	0.945340	0.969742	0.895245	0.969819	0.895245	0.891602	0.929384	0.890841	0.945722	0.945340	0.969819	0.889018	0.969353	0.927893	0.927776	0.969819	0.899075	0.899075	0.924998	0.891602	0.978091	0.969703	0.984969	0.959420	0.969626	0.969858	0.902627	0.981643	0.969819	0.890327	0.969819	0.929384	0.996668	0.890841	0.978091	0.899075	0.974070	0.945646	0.891350	0.969781	0.963955	0.945646	0.959473	0.929384	0.969819	0.972729	0.969509	0.981643	0.969742	0.756286	0.902627	0.927893	0.947287	0.963770	0.978003	0.893335	0.969742	0.905369	0.924998	0.892104	0.890067	0.972729	0.973561	0.909560	0.997496	0.969548	0.929384	0.947287	0.927423	0.924497	0.893335	0.927423	0.925862	0.893091	0.945570	0.924998	0.927893	0.969742	0.909560	0.897979	0.955530	0.947141	0.969819	0.969742	0.945646	0.969509	0.925984	0.964047	0.927893	0.969781	0.969703	0.888216	0.945722	0.974070	0.899506	0.969819	0.969819	0.927423	0.893091	0.997496	0.973390	0.969819	0.969587	0.925862	0.905369	0.925984	0.969703	0.890841	0.932116	0.931476	0.969819	0.969819	0.899506	0.964047	0.918720	0.945340	0.927776	0.969781	0.899075	0.969819	0.964047	0.969587	0.900358	0.969819	0.969626	0.969819	0.973390	0.888216	0.996957	0.887674	0.969353	0.978003	0.969742	0.973527	0.964776	0.945646	0.900358	0.887674	0.969781	0.969781	0.890841	0.899075	0.964047	0.969858	0.969509	0.927423	0.964047	0.984969	0.889807	0.969781	0.945340	0.947141	0.969819	0.969819	0.892104	0.969819	0.969819	0.969587	0.890841	0.893820	0.756286	0.945722	0.888216	0.888216	0.899075	0.981720	0.969819	0.969781	0.891350	0.969819	0.969587	0.969742	0.969819	0.890841	0.969548	0.969819	0.969819	0.888216	0.969781	0.924998	0.959473	0.891350	0.945722	0.904213	0.959420	0.928126	0.996957	0.969703	0.890067	0.953910	0.945646	0.945646	0.924497	0.918720	0.969819	0.928126	0.969819	0.932116	0.899506	0.969703	0.953910	0.890327
